25 46244010
4289384
21930887
6692778
14636916
7747794
24238336
19885387
24760493
21516650
14641422
202363
490028
8368691
2520060
19897764
17513927
15180541
15383427
4089173
3455737
10005212
21595369
19702568
1956430
11465783
50 19041434
3722863
8665124
20174068
18703136
1513930
1979803
15634023
10723059
19133070
898168
9961394
14018457
3175012
6478043
6176230
3377374
9484422
14544920
8413785
6898538
9575199
23594325
24798316
13664371
4566414
9803527
12776092
24268981
11759957
24241874
12806863
17999171
7906997
10497282
11702306
9420926
12477085
2336328
22660337
9126506
5750847
7621730
661314
8925858
16616125
9353896
14819583
1100546
23898815
23233368
75 61159971
10990365
24344044
10313751
2171088
6426809
20117277
14947179
5695789
9393585
16705404
18502652
2392755
24612400
3999933
14095061
11549677
18993369
18947740
9210013
5636227
24698587
19348095
6297540
11140796
13480571
15651435
960379
17097468
17066602
1710098
2612903
5573318
3570493
12926653
10260757
9997302
10560281
2724287
18209442
19953866
19429690
14228445
22346620
21558441
20744730
13958032
8108118
14738098
7905772
19834482
22890676
10120710
16698928
6704568
23777857
5179498
24872354
2254587
22276966
19455307
3964684
2406220
28625
10051529
15332872
12805733
20048830
3409504
15530020
13258271
23363369
9959709
2486716
23226341
6518150
100 62238910
14700724
17142619
18002246
122847
14493452
15892922
10243556
6192380
22597489
11537765
13888229
22469842
13792351
11165194
19441501
17757035
16087765
19470125
5324915
8936988
7275857
373744
12346492
322228
16148366
10709860
10281937
21151433
11452552
19316438
21899229
1153276
13975408
14901475
1276122
3468859
5794396
14036030
9661238
5908236
573794
1065819
5894429
14366144
12231012
335929
9639530
3318777
22322405
14964444
12255764
7114614
17854539
2118607
7436841
9002905
15344819
20235129
7670689
1797370
17067918
4569918
5466997
6043325
21987744
9259471
9512184
5298491
23295500
21689773
11206726
1385645
22755591
19617506
18268140
12502955
22469787
2907670
18338083
22308543
20388465
8110198
6939508
15759356
10228805
14376349
2278612
573623
12127829
9949300
4887344
4195747
17035569
10354341
12755423
14023312
19613811
22267606
19321802
20425662
125 3
8044879
21811306
19229321
5178737
15079445
9248627
2648523
20503466
2586709
2473417
18408283
13213259
9412925
9167638
23442063
1305625
13962601
1532037
13433453
23911900
6419380
20145551
15947469
19290072
7900974
7487132
13903882
7684931
1808934
11845895
4158661
12370164
8657200
23387982
17548900
1252997
10152960
22713774
24272814
12739669
187191
17681096
952927
12116467
4365085
1911341
13422091
18327685
3443377
1855543
19755937
12379108
24517446
13219757
6669180
7418419
20706888
23089413
15103349
32173
12451660
19262010
12402337
23625211
20166343
7467588
24878207
5319302
7697714
1667373
20575322
10401256
21864820
24044600
22517722
1229905
955940
10939812
22073941
6915668
15311706
19346229
21811128
14829151
7565985
5996659
24763921
5789225
6602423
14867270
5821397
19054082
11645631
20740085
17679293
6811973
3207673
20073851
14647626
10905386
21741223
12739300
21306641
18606043
11783899
21340714
22352299
15256191
7280525
21942591
24688210
108582
16288820
21499337
14937733
1371156
2495995
17218005
7160380
11614770
7085274
12981777
5668851
21247256
8721861
150 61009982
5575580
14445885
18421994
20223206
2867622
17679568
7962505
1690614
13801962
22262755
23031327
11154260
12518945
7828203
10613203
14723507
7936785
1902022
11222843
390869
5789529
16235190
17608873
12949909
2849959
2210499
3448037
8518809
23457754
14686249
9383304
4033334
4132134
5321649
1772891
6999755
517568
12251747
8690369
14319530
9514501
9238047
473789
24549798
17066250
11086991
14273304
3034
15505364
3012498
2910254
21294893
19247687
20519126
11761153
24613997
245976
15209189
10649158
23703730
4895437
20032461
5253415
11543922
2870461
7026305
21060029
3388028
19278051
7266749
17707557
6308903
16504795
20697698
5858700
8571044
9301040
20132003
11090429
24806404
23144501
14000682
23617648
19908539
12036160
12895152
19522536
12282135
3104340
5171693
13502216
10516128
2720505
18755630
22060050
5590965
3298286
20636430
11495344
22576336
2903178
4202901
3885239
19407972
2416950
12260290
5495368
11717989
7392293
16585796
14040744
8053145
8102830
12658391
2961683
22655341
553542
570
12453827
6174233
5172262
956043
16690361
10409118
22228024
16266762
16000082
526310
11903191
2495426
618997
14806368
9214678
4504235
11730691
11631627
16764525
17226058
23349615
1673169
11328206
12390359
9726313
21947387
2565101
15204347
19602727
5634995
15204917
7056553
175 3
22893530
10528947
8532291
8302648
7756971
24799052
1819081
10799632
14218594
6830858
11418628
6541313
18561887
18439215
20788356
5193513
12720091
13014413
6059480
16909611
1858970
20966190
4152275
23806356
1047642
19356621
20925434
9198988
12077889
5498339
23524567
12487771
16027285
7056857
20790418
1300607
9372261
125850
12100238
1107206
9473060
1035218
7648519
3034946
21990784
3436874
8228459
9710874
18967638
16804290
1620484
20826608
12770479
5772758
22149315
16334472
2645730
20591101
533460
14723619
1089439
24058026
2211389
19633075
8631234
518158
20933682
18003494
3160359
10550271
19110700
12633418
14101840
4275570
15668364
11092623
10228795
1413174
23319848
4196432
18217463
2456683
2539391
8504293
10745792
2205058
2355116
13391522
22796158
2888575
5631492
1401948
4462952
10359232
21035022
15610538
13393741
19485055
8614031
16554099
5035326
5241082
4187517
21653517
12033003
22372232
7746140
22261797
23785405
8582339
3974581
19519219
11039022
6513971
5539863
21784813
11235380
7894978
12692686
9031537
13299905
18324177
10433484
20279208
6199760
8984858
10889745
19593500
3469912
22020128
13663951
8505237
4777561
20367819
7675106
16810564
17740050
15421245
16588712
19041806
1519935
20563292
16077376
12558956
4593615
24133590
9343769
15828994
9544919
24552806
2376883
22844823
17876983
15326718
18124031
1593094
24311575
6530127
21186594
2781487
3550254
9850544
13803075
8327815
7734714
21478180
138378
474763
14415776
16727089
22032920
15935711
14806733
13110295
6011018
200 47163920
14760236
17871138
12745692
24305154
17423944
15122574
24666329
10300926
5449292
20306711
11894019
7277218
1836837
10596964
12575056
5387091
22963859
1378131
13714905
5698572
372662
16369634
8689686
17304790
10613074
5722605
10756852
419806
21349251
16767869
22336504
11109486
9639007
10082196
10414640
2062950
2721121
10080968
14880227
10686764
5387678
4290597
17963982
9740866
14887561
5539037
15127956
15367771
9433519
6359212
21066343
12322533
245197
7272380
4627322
10858271
12994985
15384173
13794428
9344235
7152041
13647284
22970073
19307399
1245831
10901064
21370348
3966951
20982031
11250574
14653715
3886060
18057523
10134048
13626925
7945083
18189436
6271233
829205
2622955
12630444
24411899
14945487
12875641
6684279
22089160
1250263
19679263
14989684
17561042
6539849
22141724
6208325
7026273
16449123
7454155
17927336
15335822
13937458
13909366
4102748
3591172
20311777
22160270
13725219
8938702
7621704
6914654
15209934
8450908
12053960
5356729
7862807
4515798
20748721
14547085
4121309
24515335
11742699
19110992
17076377
20798899
16252716
801053
2825172
10218190
10771560
20752507
554011
24709017
12178225
7173110
5816540
7490001
4333379
22058110
18945054
11955082
6489115
11671339
20405990
21059427
17028068
5785148
575224
12776788
20332232
4696533
12292123
9591282
1323876
6884851
5390180
17576591
10202255
8215351
5311132
20973814
3967858
8381495
23199182
16146082
15554604
4015721
1152434
19887983
3590182
20097488
9359416
10079297
6768826
4765405
6138723
23796893
10550552
9230298
14090033
8399135
16443182
3898507
17990416
17767058
13299709
23380596
12860000
23501963
9112298
20687484
19475777
13080155
4068978
20191310
6742588
22139933
1723383
7895022
19544267
5313564
5508861
3903683
225 44611654
12277686
8669087
1564286
13590931
21735991
10794584
5197315
7651477
4754117
9095821
641893
37526
22395529
1538840
12897526
20897491
10651137
11101361
17889619
1247644
15170338
13080929
10506583
14826622
14804311
20917956
9370889
22634226
1426816
13274571
15543438
16220854
24460009
17107723
4811784
23712351
5418658
10009098
6363828
12689127
21621270
9522072
12726652
21533150
11060911
3140529
17430640
24228399
14241889
12836611
2992394
6928578
3433891
13498977
21755200
20754553
9416932
6126088
18388778
13360100
19400658
11448567
4580953
21377018
6072642
9392736
20089369
11491299
21918185
1453196
1696777
21055806
10975267
14423429
17588955
24552529
20080309
10019594
1297279
9322198
372556
4289673
16250775
3806446
20305001
15522326
24560998
7238284
21648413
20466128
20598383
18565422
6914694
179335
14942440
12987335
12088422
12548160
1994986
11522958
14001355
3691762
7578763
2492973
20631542
167717
4561853
15711851
12703663
8375483
2550400
13076218
12665155
18801174
19399016
10486507
11839852
21476365
17724791
8488264
16942492
13323173
4570038
1373538
16018860
22028829
14360872
3107281
9576988
16355857
17146591
23578342
22563971
24725353
3587666
18195512
24893070
8149518
8907362
15113084
19041352
13974113
3189301
6706507
10291639
104668
19709365
22131490
21581033
12434155
8136105
16039876
3273680
12706142
17413413
19292539
9734970
9290637
24916171
19311957
3162845
17062761
20406650
726815
19304466
23994315
18922327
21713887
9660184
5346040
11826970
3701536
19320153
17532622
12924394
4611791
17637290
10150110
4259632
16734674
22584265
12395736
7774549
3374296
101878
2704314
22666834
12353199
11994950
99356
6665156
15157794
19678469
4588157
18400961
13982934
6098824
12323287
13213172
18275359
20185678
40141
24493246
17022182
17572762
14933991
24150324
10210051
84101
3409955
4461076
22668365
18322043
12235625
1042660
18423920
17456290
1225845
8293470
4451239
3841552
17474977
22125384
23520020
22063134
250 47017428
15019305
3161957
5365982
3232476
23953667
3068012
5788968
23446913
20090193
23361730
13380903
21756869
11088132
13465003
2683175
15549208
13649719
21005217
5301184
14692378
16945488
22757473
18434574
238958
4725063
22276126
17713934
4366798
23312497
17293419
19893142
15848154
22971727
2775475
21596981
21925394
5843486
2385949
20372306
3450031
3264030
11269560
206899
14352161
24734563
5406425
7417720
13384281
1411642
12718903
5593011
20873481
12992727
24027584
23628790
20234141
21303709
16342724
24600939
22132558
11152494
22010432
12980711
9124221
24785906
9577691
6049614
5629392
11963639
3938271
9079422
15227668
15207830
11802672
7096181
17458744
17209096
14513900
5843025
21137089
4749155
13952387
17010570
20258233
12979970
18155711
15492374
11800031
9498434
17609664
8932588
23167280
14620095
24429650
7291500
16922352
9007340
15857465
22551743
23487331
22312087
9147516
16231350
12519916
20950187
843882
7495012
15675635
17874134
15854388
11812723
22623288
4806774
6339644
17881520
17786743
24495355
10890245
7103125
11510140
6016260
18552064
9677419
20636354
17981713
19485270
12558706
4505405
10342734
12626800
2992735
7654820
21774316
21740436
22691088
20240854
100670
7702451
10916488
17974803
23556838
245563
15598090
3363611
6585206
10995961
23666705
8596912
24402558
5769830
22623404
5418817
24321893
7300822
3571523
17303606
4302444
18646580
24325362
17161529
6273379
4834448
2332701
5564046
1574883
23788
804900
1675552
10242590
11721387
19650354
8799427
11966949
12764795
12163037
21068507
1277108
13346093
4665418
679665
19115922
2288821
6098481
20954167
12105995
12186355
15774124
16408438
5832934
15099485
11086318
12106313
19933932
13419018
20186710
24025166
15959157
20991609
3217070
1201746
7712996
22867423
10001172
22196296
13148570
24680560
18264802
14425677
13026653
446572
15105341
9658926
5251744
23720173
5613092
19874090
10906528
23903567
13798879
19255813
14003051
24885197
6362125
11453334
13304214
4065187
10478500
4263371
56795
13695569
5465116
10286142
14079343
17982640
7482438
4744264
17663199
3263591
19169940
8206203
6226514
11791632
17865129
11478258
10511805
994572
6352347
23934684
24898139
20151226
275 3
16417541
20036422
2068973
5387227
8340635
6134159
15865726
15120357
6190953
7077646
20585473
18993447
23673340
13568112
1475884
3417604
8747662
7255826
22587543
19470217
13482340
9379175
12335345
24960597
22407331
15846268
8829295
21342014
18260758
3980520
17048861
12194651
1533293
19117833
17581877
12390280
251991
10963954
2510636
8959296
18041599
23096108
2952742
16714938
14180571
6944977
20132541
444585
14200802
17720084
19914801
5199493
4615610
9766497
7676441
2022940
612764
16505736
881305
21389874
23002607
17930165
8584524
2052252
14564350
3682752
14442531
14816340
14646705
16953166
1291987
7688303
17565626
6761080
1919592
9262548
16222408
24568485
9707132
7939562
19804920
4621932
13139054
24420529
14388428
20815495
3959820
17517544
14837582
4841124
16423769
12840188
287640
2524644
14892439
14851989
6207395
6851321
7184681
20854099
23804487
10993019
6058753
18886464
17754099
10494696
3149011
8976506
10063180
12856143
16916067
4868099
19994426
7571473
6804979
9382854
3386967
10764798
4416749
18224548
18122273
20840517
8581087
18409913
23365160
989878
8261901
4572554
7841198
17962933
2943004
9162036
3955952
11518108
3048499
21710050
24529155
8713862
8202907
9592335
21570004
2635326
16976785
16564429
10206798
23781764
3463634
16110116
9546561
7880382
11851015
5185186
3720898
20432101
23595098
4602409
23938330
9373350
11691314
9295880
4852635
14634317
18457915
8808586
3668776
24022766
8034987
3197931
7736627
16237893
15306617
4306630
21389570
9799753
23387410
6596367
8581516
4367396
222834
20644429
12247777
12073848
829614
18485027
10022301
1941063
603787
8960630
13830764
12295101
18256509
18683398
1929417
14230776
2491983
8114545
13253541
13043321
13828827
23506519
6797566
6651795
5329500
3187135
16451547
3716909
12299854
33063
8084304
12522687
23193843
22848433
24596535
1539808
18849811
9618835
3480870
19453597
21095816
19827985
6748697
14352325
13511383
11194466
6099452
18519717
21825362
21869344
6563038
10654188
20375862
13360603
17305982
705361
19064089
11273880
6938621
6363942
13823294
15022925
18886629
12017136
15387709
18483163
13556943
11753871
3101997
19554164
6207467
24197812
16898501
15472516
16066488
7926235
4183333
24682291
1445951
1008694
21551634
10525340
11662881
16927495
1402294
6485214
17632855
20466383
20275445
24571476
1830324
9098739
17110752
20716952
21115874
10014812
16716466
300 60609950
21768682
22334814
9259684
5492500
24048978
3674536
20965015
15115465
11600770
148347
17314108
15563073
3673392
13865741
1088412
17852624
8309588
5007058
24337837
3458794
473440
19613282
5546621
4820115
6228372
22657372
3053419
4860597
10188535
19769884
17049765
9473568
17104698
3825801
14966068
16153675
7500336
13447434
8785491
21617458
16112133
3615950
12180530
19785524
17481691
15785293
12638148
3307630
20792350
14492336
6766423
23782141
11621969
12313044
3602256
17850340
12486767
9172026
22710937
191654
6458261
17277053
9665221
23562958
23619205
24631288
17232984
6119541
13078722
3534827
2736998
6707206
9667128
17433879
1492729
4665170
8219171
16647228
7972799
4011521
6139564
14739222
2793661
20277884
4568617
8912268
13128224
17055383
18084293
13355512
17247036
24542554
5632564
4428609
621863
4251769
4059896
20371199
12887661
19654969
1422377
18141010
1362174
11089504
10574888
5371255
15754674
18794058
22018482
1243824
321930
5674397
15983045
5631943
952281
23068013
14544210
16596856
17639748
10144855
4952367
12403135
12203760
13101282
16831743
15341974
19869402
20891639
10713172
10273414
18062959
14651900
3414423
21941485
3257756
16505662
4829091
21528781
12816072
4363924
22772604
13138001
10038321
16272001
18769943
13506953
14340013
10830505
5103808
6979760
20975359
12572526
19382895
8179118
3190159
11214637
23521091
23059561
9622627
11750615
8332974
5201938
3918866
14263749
2143422
7176621
5769410
9488864
3705401
21101833
13852787
1478005
9239834
1407459
20266357
5526128
14914411
9606369
16356632
22534570
16586129
14848342
12623447
13485375
23027459
15813606
24700011
24064902
13873166
11838990
13331868
24722491
17040927
17250733
13986239
21700700
1943706
22272001
6189563
8165458
18373833
20042349
9643462
5130018
21449808
7426170
13172498
13880570
17032539
4529129
11415140
11135019
19377471
24038586
24620393
19921281
17368543
1836755
21502534
6241708
13675744
9834401
8480551
8233022
4601486
22466789
4933721
6545191
22255141
13639635
14710648
18145326
8681984
1870462
791695
7648143
9296631
13964192
24045064
3845521
18493321
12976555
14980539
15387143
14531493
14600931
10308423
6900035
16437686
9327309
15658095
7629781
19161709
24138645
15862803
1279546
24121785
20796523
10341088
21376926
9436158
51736
17038603
20634493
4438549
17830297
5798987
16251531
9310841
4844050
20097052
5320513
20336957
10077590
20707655
9868449
2194873
8532429
16768483
18632558
20376089
7426577
1262338
14537798
6565221
17125140
18333695
5687006
15438015
3674783
4580283
2390524
6242870
24135237
23025016
10681418
19481885
6340354
4449300
3792725
325 3
24546351
9113237
9037711
12140293
7337243
18906159
14335165
18386024
10674642
7967722
13762112
20617570
11746411
5816261
2182791
6387903
24149956
10386148
21825917
5341090
17482782
24216440
11583959
16618018
24757807
22265376
11099902
8614512
1714675
17408979
22315266
3777378
4038567
6352977
15917670
13892162
259135
5252834
9794537
13450128
15736907
1073000
9067698
2483317
6889261
13766840
11387571
8555568
24152987
8213487
16413009
16635768
9946278
2996967
10770137
12220436
2778694
21870038
20834947
7009720
16795368
18150213
10787097
20833935
2019541
4221118
9726096
2278675
9473951
19520632
15728803
2727209
20593631
2312852
5210526
4999243
16079691
19114448
16071162
15232677
2327935
7484170
9384796
14790564
10481136
20154932
4527352
15776181
19541321
362298
22785901
11336689
21028862
8572997
9686975
23048402
12794115
19413070
2843429
24784417
16450053
21088583
2511626
12043683
23401434
10238503
19559278
14481124
4352950
13146791
7230152
9197236
20630961
16614947
23987800
8628448
14286230
6031503
24404629
8827550
6393800
22190529
22680590
4939014
8279877
7367564
5503767
21073991
4296985
8347195
23374760
20747037
4435777
886385
10307072
2837210
13641239
7382701
19834685
20510540
20529491
2064836
4707776
16160451
18679782
6211927
2305251
10482363
12243429
1709879
21826265
21153580
1416759
19506854
3608945
9696635
4390770
9112712
8286978
11204106
19976258
6661737
6951143
24412035
10064473
19774566
4765596
23705711
2157266
2116633
19216250
203108
4181468
1440377
16363559
377602
7652303
21185161
10859964
22412083
22895039
7686228
21082015
24311797
4709434
24690959
9008431
11616555
8803670
17295408
22820660
3779928
1473496
4771802
5708314
11537968
2062719
12990261
12760030
6736336
15106893
9492632
6939444
21804713
10933008
819354
22182314
21101663
22004514
10558629
21030097
19899552
18244857
17112111
21727700
470642
16803070
8252482
12087196
3123091
547890
9907855
9419370
4537737
17196009
15127683
16075705
19258727
5634296
3835734
3511415
20741188
13328365
10450858
20062252
1777725
11270211
17244565
395739
8274724
2803194
21425835
5690627
23564402
13537946
2418326
1551395
7857367
10670807
13638590
10980457
13735048
1062796
20399827
18272785
18258804
13043861
11864841
15033883
18678156
15700574
21061649
16935696
6545291
6512506
11997947
10839367
20299068
6758864
11235105
3573791
12078409
10177291
11780769
13159162
23715236
14199094
14710556
6572602
2386252
3349145
20069411
18637652
6928292
17985589
11910436
2703448
6029449
23775276
20253682
2223957
16992201
16315330
19159652
1053843
22827835
8673950
14409561
18126902
17949165
644665
24217044
5027573
10821956
10997812
18186734
12053543
2713257
10413641
21142497
7615860
16279137
18728259
1253511
23207429
11713847
15680298
910876
17743295
16971925
21164557
19967251
8964126
12479886
16643254
350 48486345
12824072
2833556
1943881
8467325
20782720
5104897
7684368
3326645
18443204
21198531
24029730
5496747
23911787
9443371
4155595
6527646
3238859
22883853
10297509
1446287
9597699
977806
4873514
4857345
17949731
3554422
2340948
4430208
18550659
18984201
19480879
6374730
24334108
21424759
14842054
22633180
4046008
42773
3476176
22489211
21241303
2505905
5502309
22669441
14465627
9657903
4197087
17704486
10058107
17010947
21667124
19655805
17988752
1540638
2029502
13454834
7611411
4370449
20401393
1162070
871001
14882272
10053151
205109
13823382
2411557
22838288
17869389
2454329
1314463
17874952
1211984
6336719
23377260
23881424
20802346
10551515
5594862
16023183
23125973
22605808
15206658
20298130
18110912
16747295
22327631
6565745
1875058
1698079
1967138
3037127
2569079
19365761
15606629
2774187
8189142
18018185
3128826
3574883
22988866
6959640
21449834
24200849
13296359
22343445
598624
11615056
10411311
6193486
5154590
8537284
6315645
20361247
3835413
24426556
14624894
1163043
5992301
16499951
2861121
10475790
22053429
7946551
4841550
12660057
10720738
15547043
5678242
16365915
19121925
6183459
23325555
18088110
7900659
14138265
15431555
8499282
753320
3359217
17209119
8424261
11896500
23524764
3785507
18248264
22951319
18410400
19411306
6459971
12426702
24788778
19452112
9480130
7735329
1810013
22140187
20972418
17357056
5334780
14854684
11478980
14034590
13180238
4567090
21935248
4834854
22514996
7950881
8104525
874212
160000
16528785
12770712
1201115
22830644
8535327
1668785
16241043
2946633
10645108
6184097
5251762
5097219
15664226
15503442
6907232
15320764
13992211
24264287
23171895
3846895
13259618
14722836
19543484
20343059
11658083
24378338
17858054
22125316
9999214
21248618
22285315
1527999
11535681
1002781
24358642
20071007
2671565
18116036
23017639
15833024
24300132
5785753
20930243
17480710
23805546
5353826
10317825
12797757
7134464
11006072
19161003
20394081
728907
13704486
18253492
12386990
15599175
11111545
12028657
598389
7360162
9313971
4642739
18895842
12833103
4001380
13966849
18021019
24633767
14500839
8854043
1450251
22802943
4784285
18930960
21608489
12654462
6765136
11922597
19788925
17771207
6083599
17699357
18500114
22304436
10952848
8403455
15419963
24580745
20432111
18534703
9457258
7262433
23177441
5869452
22611887
4695172
19836300
15632905
6845290
11853490
24486947
8295540
12172785
6787583
4742851
8781273
19442044
11507987
20703869
16747320
4279193
4303819
9446677
295658
1608254
22915876
11215464
17028216
22496620
9163926
13079270
6953878
18942710
11256710
15339681
16554596
18468233
12692332
7187501
313523
24545821
6674447
11125414
14234957
13462030
15868265
23016229
10420425
2376251
21236449
2167745
9171795
3056619
14130773
11983805
4664873
12046648
23199268
24209440
12059620
7363194
12288710
21529849
3822255
1061771
11869529
20376851
22046356
24561860
2564351
24876230
1624032
11755149
11001643
15858989
217178
1869907
16391569
13153955
6762509
15144370
15321699
15934304
18200988
4452471
2918108
382212
19015470
375 44444325
2108004
8591441
13513272
16913065
5121289
17335527
20491187
16990817
12712377
17537542
19069028
17793079
19930123
20693060
4548227
5931766
14068400
4765405
10318024
5459968
17919359
17080533
23120689
10757409
10531188
16321677
17726231
13449295
19220240
14258052
19599373
21328243
22849493
8112645
13241307
2970781
2964523
8732494
22477950
15676899
3786387
19063329
8469977
23716510
14756388
13018203
7164627
6341139
20299959
17482650
14317459
15735669
9563182
12438147
4009429
22610721
6276175
21735659
11060015
496415
13510063
8175740
21824657
11359555
18804736
12582316
14330335
21769258
23831161
14324636
14962508
2617547
8387965
23432484
1334056
660704
13967038
11015034
7001843
11783349
3497684
21319301
5035369
15577217
8757447
11561150
13187938
15033622
10813160
1764304
18046388
24323222
9940043
14871044
10682776
3744778
4969711
2529463
3030387
3800871
16854098
17992894
6418418
242062
18941729
10268825
3419118
7908767
21283859
10420960
22208467
2297894
6740260
4760187
17875110
18014058
16321336
6063047
10564031
2134496
10343703
3610418
1457717
22800097
20997814
12140493
1544875
967524
17186307
4575261
4768395
9040404
84507
13703164
11798818
19026235
1488340
15217935
4451353
288550
638894
1659819
2586443
9895505
6420006
22977905
5425914
257693
6557303
15989945
2392188
16901005
19600362
6366257
14701102
18114527
18506749
18762328
19082051
10693055
853940
1366797
22249810
938446
17586312
9048627
19964681
21591003
1782913
24416033
21879553
4938158
3592204
1982347
14833662
12528561
24960251
22775928
12786253
6517554
13765872
15178441
23418558
10882585
24061049
15636011
3997112
20084149
9398338
595514
8293555
10252278
4478662
5543364
13707075
24581325
17108343
8671755
21172327
18891255
10604140
18051879
1345765
14196343
20034226
18695778
1724903
22510828
16471705
14511155
4028381
5237576
7205947
4963291
16120161
6266995
20599301
22633624
1351143
7513991
745489
9644697
20282620
5224150
17704413
8989694
7321826
9812755
17661449
3494152
6220361
3265588
24062383
7566125
17461930
21612960
1261903
21703184
19123787
17733607
11214338
23152168
487535
20936637
5631810
19124047
2203631
1231110
16757670
6071126
11261452
17503158
18232174
6544071
243659
10936586
15533765
7565484
20749340
10711565
13575987
4486053
16493504
12638369
12052177
8955433
9251328
15830431
8174968
5891467
8564038
19389305
4043634
9051572
17842293
12191795
3175618
22562276
15939256
22449639
3633401
2200708
17469148
21865574
8744778
20229158
7802160
1794894
5310993
6067851
12506458
18886979
10553903
3999961
6525348
122432
15471745
18293027
15952862
23646712
24184493
24516899
20552369
5744478
11084822
13394661
17936272
16776791
13473288
11391880
16742781
17106688
13592587
11728280
16488614
22337364
6957437
1807125
1648610
12268429
7874975
14155067
8671760
20945230
18155028
17713459
21067661
8626772
11006485
14536874
9789836
12707330
16570125
5342204
20968159
2654946
21253216
16420783
21948089
9726504
2812662
13690869
4349543
16405248
2935501
20838156
16258963
9892937
161632
17907572
24677718
10552959
7062639
8349477
6498188
2734018
1062935
5082200
13877141
14585771
19619073
1183328
4809452
11189197
9041883
777611
16360495
5295099
17198393
13308583
17537954
20011054
4515803
24403848
13932653
400 77446671
22758356
5191615
19860592
22919987
615539
22054661
8472945
10194529
7920489
17487484
12928546
8983423
86035
4322038
1085545
19705108
5505366
5894997
8410656
14547248
6672607
24771150
22358698
1387351
15596084
17413003
21398404
22628239
16816851
10331056
7595893
14575206
18039022
4972836
12495192
21170912
2027496
23484489
6365440
9947984
18488324
21810337
21447758
18574359
3648727
22533303
13279466
9154092
5944651
21690121
1217691
15133609
23977623
23576389
16520959
17090058
15989391
12919362
14718296
7806241
766769
24830541
24897798
21322142
4803376
14909342
17493054
9347224
13393830
1374845
21811559
6882153
701534
18259317
456511
4350260
18308971
16252328
13504351
1769973
15458801
14722041
16903581
16952775
15814781
8424539
9042832
6804172
21343900
1277480
17126764
24627020
1108020
17024562
23465513
8427747
9450255
18474918
17774970
22844084
19849763
14586529
7242588
20551296
10362197
10215451
24901555
3671167
3984130
15922257
5441139
19442930
5644297
22344719
13912056
23975430
8285609
22954888
5779601
4629508
1748719
422716
6772879
2856738
19963629
5238391
13800836
4413883
23713309
6575806
4774318
21079423
23678686
14533258
19147070
9040882
24748708
19048624
15228400
3732837
9970880
23185890
692119
18131528
20530608
14604174
17106957
3816216
15075413
402909
10962075
16824131
3341977
20251305
22197220
821957
3006047
10998056
5235840
4235707
20090213
12526509
315129
18768898
2059766
19462198
5326131
1808473
16027173
20554530
8057662
3514404
18740419
11266132
24162284
16787378
3386657
18785592
23119945
18462070
21704853
11598371
12802552
46829
9366027
12516124
868785
12372073
1030531
8620976
16607780
23637095
21147485
19439260
17405992
23207250
16417810
248474
2532075
7444982
20803003
10589736
13475738
17059773
21855867
12638021
11363502
2758875
6423612
9483446
21220944
5644816
23598168
11539848
5691644
7964194
1572323
9076781
22852618
5119205
20214108
14460397
3756299
16361592
11416009
21162290
17085194
2833818
21410763
19617268
12795151
19730117
7723355
1270888
14306241
7095573
16425260
669742
9854447
365224
12669539
8591743
6010039
11267706
20131590
11701683
21748251
24220264
23294815
19600868
4339468
18508922
11577617
8095766
12386866
22993625
6774407
4472059
827442
5701521
24089326
13622592
2947989
6812680
17409832
17254229
13908252
8835091
17923970
23762698
9200314
8109860
9870792
15210353
21893917
7518733
4428387
18642167
6738996
2723201
15759386
13594815
23748474
2337002
21690580
11135339
2846978
5981338
15607397
3674419
11682858
17213074
19813363
14630846
1542105
12223194
9401426
17966708
23574636
4841747
16729406
7774950
12951606
4116549
501654
12361874
11635282
4930040
6004040
18374277
10169592
24279778
6969092
8918065
4133131
6176023
22569756
6980109
12157361
13177152
10654527
1356570
7906578
7984241
15987416
9448682
20207434
2905193
2415390
18782070
7746940
21661147
4073371
23214897
777695
4575024
10576771
12412976
12021415
19097162
8303605
22191006
18376939
15272696
8625422
22510070
23965070
6195177
4490178
11122430
21888681
17661056
12479000
4795258
645297
5982767
14243939
23369082
8887959
19175680
19667503
19151250
15836826
1257225
17366147
19130873
5832248
2942917
6543848
17853662
22040078
14847452
17561019
15417017
7636499
1186441
15443438
6601569
7381617
22449967
20240350
4270297
15111022
7719349
11581906
18272670
16218467
3342197
16641752
2622778
22517876
13825606
21774027
15871054
15082831
14140173
10001926
23431430
17083089
16545773
425 3
16639519
8909577
11362462
9572887
19062427
12548902
16324
663995
22446871
22466290
23420697
4233519
15093663
8656397
15815425
8366333
24874864
19157621
2524436
2497641
19191848
18866393
1788019
10062901
8949223
18444544
20064826
9897005
13043984
14126951
3698448
4683502
552879
15060909
14256388
19615305
5126163
16789063
22795652
2573033
14255352
21216348
9322903
6865367
4872744
138327
17748051
7263959
21812299
22788838
12277951
18520499
16655230
14065970
3583399
3120805
7510513
1164577
13017809
23070848
17807879
16716256
2754350
20877109
6777164
17010737
18008765
14419678
11316152
15804416
16992710
3087855
14537115
1315613
9953221
21926211
3970291
2701271
4190169
3298942
490108
18984472
21819440
19661690
8050441
2919190
22782494
18077305
6600118
13316654
16148152
1924348
5032909
21418853
22801456
14326424
15945942
18326573
3746102
2262093
11647340
23255163
5349947
1184455
2087127
17819520
627017
8573770
20520790
4817185
11872711
23527250
23801656
11208502
20705291
9368448
16644043
18487784
4962104
760513
9320789
23626608
5201212
14353697
22561812
5519020
6196472
13507753
23845592
12458925
18286197
10492931
10714088
23636144
14193737
15317566
16455663
14820753
23891335
14492804
22154290
13280397
15536405
23472297
24488898
11241695
10357097
18649293
7245830
15319200
21926157
16566618
16462159
2127368
8436666
16540323
7646387
14633138
5048075
6491978
2092062
23334272
16984909
15322501
24486767
8694997
5640067
18458781
23515750
4531401
10467936
20670039
17811798
1004341
19142335
19817047
14762387
4499431
15982691
22008217
22334983
12908847
16091186
16313493
15036215
24527852
7853815
198953
16677341
15418242
6690931
21285754
16268865
1192191
11608255
15755631
9887187
19764673
11730763
10919288
24296073
22198698
6589326
19624222
719390
731661
16957621
15481777
7747443
7940311
12489993
5082425
23365510
6097530
23912270
15918076
5625381
6766084
16117028
22302721
22184325
324310
18588475
13453189
1516500
7713081
6725171
13920039
2477753
18455933
24839326
4290177
18170983
6428652
23914399
18890372
9676664
18388371
9372148
19940458
3845033
24378492
2539235
2210542
5476022
1451504
18128617
13617754
10733939
11761997
13436827
7918264
12086306
9541653
23887804
16119158
17254733
8129327
5039196
22248837
1585259
4878521
1539013
22272593
13823524
2969763
16162965
1016539
21358133
3051464
23473349
203166
4946308
1012583
4930059
10422329
4980438
575028
1556434
15714376
12337024
14993260
1148991
24423329
24534912
2553147
15542486
19305996
10682473
23098033
16554832
14784083
5492906
20610197
12056676
19316429
23579959
3219640
22849320
22454444
8787455
21322668
173961
13733762
24851602
7620371
1672442
4832039
8195398
3228876
20546414
20532421
20738487
24211757
22472102
20273399
1764903
15530939
17095746
12447375
16145324
11166930
2231457
21638229
6777126
14288132
18471009
7873436
20024123
18836680
7844231
3811578
15159347
8018191
20061691
15010948
18154914
21734133
22359338
1350311
24963008
17905752
24399084
20701494
17117508
24387537
18491244
18882410
17434827
10586990
8846136
8580150
21753919
11077592
5218378
6047396
365724
1205739
13920831
22906198
20042418
24281414
1717775
12718117
9815956
21779466
5245416
2970869
21029950
2604754
4321180
20992957
23026857
6236615
19210802
17660716
5624151
15218398
14059477
23058977
3321739
22905612
6639127
2592009
8983203
14373856
8639404
11865278
15579594
76586
9771476
10622012
24357999
14005602
23340128
11690307
13301419
3585543
14661175
9331368
8706648
18982354
5324324
6733504
218968
2051478
24394219
8359470
19786227
13453695
6418447
23107965
11359306
15573925
699973
22858861
4947780
11855728
9724138
23043726
14448665
22011965
8665737
16323016
11017567
450 57605726
3013322
24318985
15624110
17674496
8650353
24330758
14173202
16491028
6064261
16908521
21058857
7974832
267991
15845083
21428526
9202789
13953047
10304184
24776713
17169371
8163044
4724492
6541450
20403533
2768217
23506467
17415498
13950305
14829482
3433064
988872
20359155
5268400
16612982
15550002
13918752
18460091
4723203
7926132
2040703
24148076
3984988
10015534
24416066
19830071
8960412
11135206
11299469
21780947
10911918
5985192
4943990
18152761
15042993
2863874
23437330
13549459
20279371
12387634
5895292
1228786
15892858
3770798
9013538
10022191
19320800
22932289
3482281
1560354
8374772
8039335
708429
12359760
20571221
2640846
9706182
7047984
13776051
23522002
3828930
2204320
4507193
11289271
20357081
22066538
14153144
18794410
13132348
11948867
8698395
19027640
15694004
2107604
314789
24707541
12129794
19635588
156182
18128426
21195942
8530953
3684113
24420722
23407064
24255333
2061568
8113245
6303316
18353970
6635247
10132245
20558290
13658791
21421515
18431722
10725328
13091010
12226131
23857676
39876
23440877
20401667
18250232
548481
20716455
17957772
15194626
15352043
20630305
10839404
14064336
4161258
14523516
13485057
5084673
13778848
18062976
13197918
22598515
11416946
19833164
7730759
9491587
8491954
6668625
2923308
19217282
19759634
17665790
20591309
22315862
18623018
15992975
15566093
21687850
11709429
11040216
11882476
4577823
9186873
238231
18642158
15864482
14761746
9643567
20949154
3540593
2706542
9147071
3655459
16639839
6496586
11386217
1131425
14988540
20571193
6571084
11722173
17847178
24236873
9829833
15163039
20376243
822807
8245483
17064092
15048587
21802051
6462919
19626410
5988923
6701149
15784919
24369756
23979246
428485
20318909
5036190
5651379
4465980
8691648
22291217
10962565
22594216
938994
3467456
18165408
7510077
17705980
11012586
9263302
2535812
3691976
7155896
5874970
14453811
24219987
20923557
13772213
8199258
18066318
22277487
17416758
8851236
21647242
16396004
11796073
16966150
21432193
17447451
23948481
5123841
17255019
12427398
2718056
18194012
18411205
23399816
3220441
11117185
9412401
15000094
16169348
15620728
22155989
22044318
5074538
21375975
17967874
21363102
7091584
11034191
18640588
24508342
22401778
15287829
18420697
11714202
9770331
14852889
6678004
8718811
22493081
23933023
23662560
211137
19643386
17073765
1127304
380178
5707301
13056056
15380271
21876648
3676783
12536259
18920965
11267673
11428586
11888838
7630774
18520169
439380
1271362
20544862
357510
16559190
13965558
12071711
1329520
3818447
21266067
12564683
3827879
20199089
11227242
6555367
17358826
5817358
7682670
17739004
11524658
20738725
10635626
8401306
24415508
23171885
2322270
13199532
9600470
16727460
20830305
5636990
19683191
22101666
1181852
22557052
16177208
15147409
9628763
20023079
21482207
5894829
7587761
310086
3610269
21331355
6865452
23485446
2148712
14548122
18740801
13673370
10286846
4376427
24591027
12218705
5064663
1913296
418236
14665132
21157107
21248541
20302121
18356650
20866558
24000324
15913701
14560117
14147733
3058815
9583196
13146291
8953643
19687308
13456376
15080263
18535014
22838180
16082061
23200078
12386301
9822861
11873447
189498
16715639
13980825
14924555
21780301
18410472
15342790
11445432
14567579
14107682
9263905
10440580
12490592
8264228
1354280
2050708
24928312
4413095
14150255
13074603
15883089
11353915
4047330
8479704
7405280
1885509
24561764
5605357
16788161
11900976
19995155
19494011
3616615
8975979
9418565
396915
2386451
24761354
14358699
19470381
16385388
1138955
4910960
3875979
11919534
6265239
8443038
11847846
13194685
109645
2438800
4077774
11463559
6486129
15073829
18868838
10887990
14635592
1990547
2676150
4052919
21985701
22170160
7669533
5961680
6588724
10582800
8348130
8866430
24941498
2818510
251817
3596804
10245821
6644147
15516337
16511059
15087184
4880534
7222096
15196828
7319333
13816221
4176738
16321814
3890049
475 27956411
2209803
21041992
2552474
7402304
94910
2054526
4572464
7764443
8016205
13677539
20863594
18880686
60320
23321443
24215547
2828488
1918246
9461367
9472634
17434582
3488778
2076170
22315116
10710873
19789349
7150800
24527093
1482439
23472613
3417141
2044366
682415
24459132
7113191
10601071
2070393
9167716
15173534
12351187
19700273
6367424
8214780
13580958
8944096
6536222
12796505
11772583
10970819
24774223
23761569
5921753
3263000
3354090
5753220
13973872
659790
12904019
16017316
2142228
13892984
19434456
6702945
17091750
21409939
13816135
2692820
996684
500203
20382705
13347870
20200475
1750129
21562650
11297784
10694224
5615223
1610640
24983158
19102394
1384863
23744726
24146
7164214
4615167
5777365
23654438
5274957
21197735
14671753
7417184
10090718
11622561
16636481
2182468
10548851
7968967
4875287
11545534
8469169
257992
24893404
6185995
4524472
23972405
17483779
17735047
7103979
19094418
20234556
1206372
20479280
21495634
3746869
2643494
1110800
12040585
3814283
6385756
8238320
18486035
16319292
20845389
5108595
7955772
544208
18173798
18441090
5419495
4719331
1910259
8193838
7129086
10612605
15234661
6101490
3096383
10486059
15721821
22190801
5720614
16928192
20186432
2216247
23191413
346277
3327047
10231997
4160559
12229154
20986668
162946
3548445
16832057
7787892
14020568
17376264
961689
9978010
312110
5681020
14404620
11022299
15326457
17224
1256959
23944299
3113607
11743017
14666119
2820759
19979983
9110662
523542
22196229
7302074
869819
3039627
17534071
7546729
15268781
13520738
7709674
21333577
7869146
15497566
12870497
245410
16459254
22848506
3073871
24656625
12253125
14096170
17499434
12270348
15353128
16443732
17900306
4612497
6109850
20721064
24592479
15220511
23760958
24305059
38937
24630776
2344686
20089359
7177504
17613466
11126448
17403530
13947042
18995594
7901095
1817538
21757355
1876700
2182395
24831225
4049677
14435519
16443746
21549110
4222219
9313226
15509193
22122524
13925722
21619042
20359940
16034552
14355904
19120897
15339610
16911192
21268024
17684295
12000550
5961879
12814112
23126998
881760
1761154
17122591
8782854
6095043
16396297
13175906
10793790
18743873
19741934
229308
10187619
18807395
6967878
19500844
9316587
6606754
10942917
8451980
1966693
1977468
22807883
23603941
19833429
14719075
22388316
12517724
4235976
5866546
331835
2362973
6748306
4609340
22001915
18047511
13220735
13398211
6223416
24014524
9658436
3481701
1760183
19846054
22289095
8728061
14346897
9122033
15334814
289813
17574012
19817858
4783632
15381895
20938150
24617060
7617321
20842817
14651135
11853296
1709362
17499322
16732621
8457667
24625013
16250887
1505178
12845747
7165450
10244945
14376622
16823885
13726646
18653157
11669938
13532092
2381217
3533186
22654125
20232382
6339350
17744488
17566591
11122981
8126382
16021092
13256392
18260054
11863908
2907527
7629702
13573269
20406848
1878674
24547288
22548212
18129560
1052465
12910311
295009
13813761
2286932
19635245
5056758
20940088
8821534
18588850
837656
12354719
18759326
23586389
18694068
11503813
16152979
7333400
22146547
7174070
20589792
17922952
21554329
1013670
3069005
10127598
23936869
4947678
9674885
21485080
593590
13243701
9395390
3404950
2057461
14198674
23040195
7114219
12655113
6861728
3219420
16009121
19216447
24495097
14595509
15426866
13515261
8264840
276618
10661807
17955261
20866409
6101111
14509590
24396430
9170115
2153539
23333298
14117793
14344775
22334729
14711382
2588475
6730119
18116331
7162287
23445144
18672877
16792857
11100256
534605
22528628
4625728
22267403
24540076
19221237
15210620
13055337
5002428
15487237
1233495
22957688
11353645
7334605
12467277
10750074
16504720
17137167
11599723
8138864
6481941
8934452
366597
11586767
18180922
20999279
21265406
16626065
14672156
13058262
5242672
17723112
13103242
9868400
14990514
12643317
6605988
5201133
3215005
11608415
23204722
4448500
9566102
9558366
14299456
24549731
22824792
8320527
16686897
11940866
16459390
23168838
20875317
19342338
9755604
16572590
15341617
6021009
10715006
7530124
21595623
15957678
2769587
12215216
3342429
20276452
500 56646069
9948416
477584
5589889
21556830
1198657
12554740
8639283
10757023
1854195
8189013
11098166
10174722
24875910
555383
4150463
23044747
23947052
23492801
10316702
15519641
16350769
18854063
1234647
1397244
17966037
19708676
4166830
7697604
23051104
24443281
10072487
7999519
2437216
18178727
7072700
3635873
5733466
15711982
16909247
7587661
23900995
5523764
17762382
1293256
6079146
21912844
1854354
5026197
22921996
12171055
23062190
14272764
8541469
24296836
18186359
4023857
19005511
22353188
11721460
19572966
21796468
21793947
2572484
24233684
14972673
12161535
5385908
20706139
2873516
22295154
5810151
1774510
2818917
1088884
3067765
8898062
518079
7438470
16440611
23440075
19609525
14502800
15229190
5667345
13799635
8415549
9691202
10321497
5768736
21412661
4894462
5081556
20722959
9983297
6831591
10695632
22144831
12217498
8918122
2534698
9512651
17244624
6825560
14847919
18333507
12409676
1262332
18851585
19848146
17702942
19808011
14457670
7205741
10037201
22641366
23521727
20969101
7332567
11359575
1737836
3745228
18770388
9335743
1984538
3753684
16167333
12680169
3414866
3384830
24114642
5949564
15413832
16359265
12775123
5261750
9692771
2701150
6524082
6060708
22549295
24227023
868718
14523316
8949116
10905918
12164682
9987194
6875018
19497248
21346769
11129206
758827
15117156
20464948
2743365
21387192
14148633
17939885
24802057
17533462
19570879
8267972
10463646
10930143
23559446
15725395
23139266
1260596
24765828
4199973
23809890
1509203
5068690
13333206
10458318
18490960
497887
20445511
2882329
22511486
19308631
16527886
786665
9425787
14509186
6046381
5812978
3657818
23986265
8131386
23707631
18557143
18915710
9171276
7003638
17475155
2413023
5142903
21252102
2178850
11859227
20061992
3688052
19444268
10911549
16662721
12935227
13925787
14624584
18333908
11437272
8933214
9861793
14740288
20875352
1887330
20786668
4204681
5545147
19772933
12336067
4252778
15846427
8768128
15940405
22850064
1243282
18353427
5509318
11736
23048629
17368544
22590079
4253032
11812812
8501627
23432105
2264390
22427413
13056688
20598297
11381036
24506253
7976442
3637676
20381605
9863771
24424343
24586285
15408918
19197275
14438703
22178047
12560054
23206830
13118451
10410117
1966464
8988230
18435787
1978199
7036858
10804330
24568277
11289889
22617141
10586255
9721993
24881531
10530019
295032
22996179
24427406
24801285
5972620
3065081
22699241
18352743
2489424
24801877
8761660
24203050
16756932
8456058
11763103
14963761
24090860
24689572
19446576
8079089
18125358
21424774
15115946
6446039
23509402
3922187
6579532
9095656
16160531
8977414
19625674
16455563
6973592
19053080
18773199
15462564
22118160
18988791
8815306
24607583
18790667
20093317
1326985
10547598
3549374
13090087
3027711
5156585
15296010
22474286
13235674
10937719
21415412
5867971
17383758
19924813
12306509
23963289
4020469
3467040
7940702
1162494
22438954
17430645
22731925
16212152
10409560
19850085
12717294
19224865
21974019
6507960
16834533
23301003
19571910
22900258
13907442
22599620
3056843
6719803
22590257
16292516
17657522
19005668
24676838
12557631
16446833
11983347
11520919
22983653
15450386
21977972
24146146
15405691
16924968
21878071
6617842
2334528
19244507
21851487
24075744
18734877
3359446
15910277
17035880
447707
16326886
8459673
563678
19383728
15179475
670287
13192595
10353348
19675954
12869433
22910978
13639138
2369131
11948248
11622790
17819516
11442571
13285288
8225206
3367539
12679710
17359399
8218418
6924216
14210885
9810513
659092
20086682
3237141
20211323
23050741
19564027
6187347
23614418
16464106
21366822
1801056
4656701
6720169
21477010
20042485
7147499
12632499
22411615
19095746
24255289
17747482
5538317
15056928
3489039
11422207
2736637
23364789
22156976
12177204
15092025
6967488
15352647
12695058
10204629
10563970
10745798
4768655
19267668
11876568
23749112
15634489
13677623
3405812
24871010
12670984
964648
7018508
303483
892614
3630605
2075123
18640095
9168921
19648402
24645485
23107479
22385038
23010273
20264454
12078593
13102297
2231942
2431239
797355
14952922
15511560
11543152
22237928
9779228
936071
20987039
2930068
14613694
1909203
5317429
4801029
2873850
12335936
5104511
6282816
18482893
9695985
24922910
5168165
4344386
2084747
3275644
4245775
95019
1056449
16324367
13197316
5804742
21271958
16511022
20757663
14299869
5570525
525 3
24079096
6506596
16498981
4525516
23636641
18408183
9842944
3437669
23798384
24695232
11058532
5081199
18178124
23270868
7520461
862640
2615254
9605207
4138283
6861028
9700225
5194732
701747
413892
13515825
21973704
19441265
9273488
13789924
11790
4785429
15385372
9034737
23800761
19910887
7671377
17208943
7270182
13625397
18523679
9481765
2200280
23604877
5176240
471148
6125337
6038880
5602753
18246895
10177162
14980132
2947120
17888245
15681878
5877363
6404070
15171933
318628
18193909
3961857
2846769
495689
19347228
11881505
24296450
16774466
22069233
19021744
24044647
13210981
15061774
8526412
15411261
13666651
13702651
18398760
22308339
19741530
24001512
15555234
7435044
16497995
21018705
2839640
9696225
4412419
11760061
24868157
7247398
4953969
6346365
10094166
7966010
3209944
21975670
7262459
22500761
19044902
3800554
24061760
9772235
18862328
10104523
2699847
10045330
1323525
21098606
9870020
21065055
22616469
2941605
6016450
14114463
1476661
11372441
23810687
5889080
23132502
1195196
13136477
3086470
10057912
23230643
13568831
15784208
22722664
23347641
13284968
19283918
2148195
14863079
4056152
23526874
24967601
6755998
8572203
1291126
2854603
20958574
24872532
2987423
23900179
5888981
19618237
376839
17261421
18428924
6265918
15393922
22140471
21918747
20996744
9714734
22665741
12081926
498941
20388404
10429567
16300261
14672321
15094113
6163339
21244824
13620986
6130940
3000821
24709540
9938417
8371775
20668113
9810948
11359197
19568291
15699928
8493786
22461482
10477700
4439061
6243751
3387974
1579531
3162497
1901069
13810616
828237
13982994
14309557
23732993
1928912
8126169
15921665
17023024
16805859
12166489
5644009
453150
15167309
7869900
10391566
1055436
6054365
20202513
14930984
622655
13418792
23424769
600488
1412844
2863829
6844239
4800817
6959711
10006735
9218237
20770327
13351324
717582
12596235
12084316
2646494
20722403
3005980
19669517
12528261
15172468
2829878
15497763
7856129
10699777
889328
8911564
16754141
21091841
1358899
19893148
9510632
24783668
20493635
10923475
2647496
4854225
18240643
12123559
14860960
4975231
7893885
5728635
5692813
20490119
17812950
10855658
18728873
23335281
5525174
8773485
16024101
10871403
24271247
1396581
24087532
160575
12824496
18358024
23768767
14183394
15767523
8279398
13967061
11261158
21719225
19130909
16115382
17476219
6254467
8492693
22451450
16664703
14221327
5660614
14671173
9550628
16516271
8400045
10402261
24557796
17173529
1426361
12945551
18961128
2822941
12033082
21638054
18163788
5391105
20406820
7347181
21158628
6202569
23830594
9936137
5438145
20477854
3567870
22914364
4248672
14576915
22882165
20913374
6314593
6059130
10584546
15865221
91752
21500942
1267481
2165899
16190822
5210193
15111449
10151949
10549485
2144530
6790002
3713272
10051987
4713173
13576804
8726966
10915742
12407397
21179454
16353886
7885250
2263675
16784601
14650273
16840589
14666765
10563646
23155182
20725894
23664543
16536754
23333997
20165484
20320586
499896
13872658
530778
15611344
24024606
11080262
20272226
8330960
17309885
7840564
13044132
5886688
16567529
1476225
20810437
15263334
17830111
6212038
17527008
9614711
20862311
9367597
1797828
8942308
10039130
40073
10123203
4092235
23374070
7805038
24412820
23873965
21677695
2459949
14485308
23218653
16056562
9757533
6549612
8366446
17598096
22110095
16769485
11681976
23586320
12579921
1945309
16416430
18791959
21988669
3547492
17170621
6356265
5345319
1112928
18911746
5385392
11236130
23003980
6275813
19041168
24933151
5149777
15718862
2393099
19635084
16453866
18449660
6908969
23003477
1816105
2023416
22629924
21101941
16221744
21216243
8681862
20683404
15149024
2473820
17672072
21212867
19644440
1544688
1558186
23273719
20456433
9459929
9509849
20976764
15735741
6067368
20909914
23401869
24302581
819364
20553304
15756447
19269023
2462272
16276275
23601479
7002040
13906198
19703420
23223783
10122440
5901633
21423538
2787815
8375452
14095610
24000682
5536243
15640297
3075219
6326313
13613082
15051499
18352513
9589845
8303591
24419880
8016111
6705459
1238813
11351826
4775114
19511611
5620849
7237386
10787885
6738679
16755777
24694083
3958450
17495911
12332874
9860082
13919448
17637041
20751885
3015057
19154074
3804479
18655354
22229292
10130792
9784787
14797142
3483304
21890983
23100732
5419536
7423445
7322542
6658348
18775271
12097655
1169958
1912471
21851392
14474194
8651149
16123520
14168276
12609599
8619430
4017502
22469680
22538878
24170894
20737917
3070286
18324967
24542395
24241991
15554258
9673186
550 48558632
7867751
13156490
5917760
8484834
21092377
13341204
18323727
2750724
7116474
7937733
6437033
9028944
4789125
20911226
20196445
20912644
12595854
10322395
7048426
19129707
10308426
7103655
18300600
6046342
10173940
11625566
5588737
9415931
4696175
15261922
20959059
12563925
5934763
4393170
23565110
2027139
17734374
16888836
7294214
2367199
24826568
13731246
13912495
7132044
12158824
11625291
3044688
2271029
21947685
12609465
21400735
7256110
19713119
17217686
13302452
4887058
6359603
18891188
16819340
11055777
11669461
12778399
1136053
17604224
19687920
24701162
19631362
12422293
19106349
1925576
17305844
18932916
18173173
8734690
1064960
7848348
20359980
6625999
10119376
19824016
19235463
9036462
2080125
16464933
1254147
17898928
21351990
7613749
14306467
15687682
21185877
975928
5982432
24838281
18580151
670351
2055794
15727864
15608996
21162142
20169791
10431191
17611410
15859316
19165880
18676369
23707663
17042211
2818719
11343391
11866226
22054181
20379852
16462702
13519113
21633999
11877982
12387454
6764099
1184448
5591487
5466328
2160375
11573918
5304608
23256877
14760621
7360402
16501093
5369616
6038895
11670883
15800806
23650304
5046550
12483037
19843024
3754213
7041599
22661742
15097603
21424176
22232274
12993806
15403229
13267738
9627804
2281210
655192
18908255
3465658
6246678
24374582
8142384
20336948
7195541
6399261
10097568
17072294
22900353
17983535
627541
12087587
11300692
24277844
17134137
23783728
19120868
23404701
5825326
19298961
16018655
4765853
16531235
4012460
20169081
4798972
16156616
22450291
7970515
12581222
3432300
16733545
14472155
11574683
12070492
21667695
17973943
24684411
16256341
18390647
17667945
16883881
7994586
3968636
18678076
2645074
5268715
12798943
1049774
13610392
9614256
17068428
18376244
1145490
23597239
13545324
5944461
14753854
13511966
16431328
4851427
16944265
8164872
19323581
3518948
20235363
15991276
24009242
19919773
9763968
19916241
15104069
1647848
2910826
19072704
20325923
5555899
1857770
10641218
9122024
15468161
20255473
3706803
11360756
23917314
2304041
24906079
7378126
19574247
15934397
23809453
24425673
7878661
6974324
18749254
11397608
4726038
12256881
12923202
2162162
22020848
7839442
17266230
1185047
10750267
13855285
24027321
18822517
15713054
12184890
2944540
8697566
9956714
6651342
20058321
8874027
8955382
22480752
18768505
6045980
13415148
17577957
5471653
21293808
2068633
1737258
10207768
6794670
16510490
23130969
8956832
13531337
5970410
1223061
17232735
19237028
17594698
16260055
13059544
8307751
3444945
16004083
19521669
13401658
22655424
14579989
24792037
9127157
14577092
18560541
15173137
2992239
11138497
23161141
1802399
13207129
24898398
12010166
22518151
18925239
10141134
6474982
9972927
18627895
10214394
2205661
12864922
2809091
20982067
924465
13633194
24427011
19444899
8154862
15345021
17100322
251202
17653409
3743830
14828294
11213949
18916966
17820532
24868797
19594458
19622930
15592278
22009207
9149447
13110428
15934445
21806932
22101761
907371
15434826
7316154
3113031
5816099
10125245
1611450
9256915
1274790
3554812
3701813
9429651
18899832
23318486
12197204
11553240
2062316
2025497
283540
23495633
22362381
152337
20606443
19501662
15744614
17615649
3651109
6371393
8550094
2974392
3473153
11973816
18409218
10789306
17603199
1741668
23430902
19214648
13514935
24705691
22769459
17216747
11651693
19185643
18051585
23848897
8255234
22630252
3390745
8538774
23642236
753125
8691110
19248678
20254787
1952075
11864327
1422247
8323467
22930772
6912990
11796619
9904587
2838559
22585924
5024137
4580227
23533178
24238784
18095161
23238868
24524595
12828259
12406913
18710237
5879843
11255809
1965470
6026446
14646553
10504243
4668682
17916030
21711704
23917359
15687168
23663778
13298037
19625766
9503596
11228808
1538755
21300214
23649747
4377314
21402490
3673883
8957540
19935667
5429019
4569052
20690886
4953613
17397310
10614150
1180201
793505
21869958
3145670
6819950
14032863
16166265
11488631
6948892
15394320
12922342
152411
16574450
1220378
19778176
1078045
14965538
21316930
24894611
16131636
694243
21297100
22321870
12168134
18749118
2750888
16737185
16956355
10220852
11650847
2570505
11401052
12444351
1956814
17063074
21780652
15989676
8229338
10785635
454919
23623657
23707976
607329
15198106
2444705
20385504
18792503
17410242
19218786
18687113
8541877
19913028
14984212
8380099
9597514
11249681
11130986
1334698
5722387
23868190
15501896
8292891
10269241
2946246
12766057
2332314
24726898
6272084
13078003
10512532
6727003
11701660
11736859
9850683
4416117
14181563
7752539
23208619
6591805
1971324
16895731
17650033
24400703
9396294
3546483
8998216
23162326
14677469
12849266
6401065
13545658
3351161
17210307
1331250
6297407
4976363
6179916
8540656
11248447
19257918
21569539
575 3
5959577
8306397
5342483
12892046
4311
13095021
13617016
9112467
15066344
8029099
4278852
14467047
19941744
7825334
23465262
20620422
22502802
13830879
2021486
13564811
17182040
19231792
17412413
995798
24208155
23592328
9536453
10456601
17850245
8622343
5948401
1326174
19445091
13807235
16734571
19449401
1902256
5351586
3561868
19484951
13380684
7840719
8951997
10838780
15666052
9933611
6459201
15685206
23764489
8480686
6766368
18462880
2712477
24178780
19458677
4436983
287459
3995129
17409935
18137704
15133823
874687
21980229
9578913
14681922
13714799
4028314
16584177
21582736
7590181
13585479
12479772
15430899
22537476
23318551
8613302
9987438
4777751
24298507
11268278
15774788
8581227
4731158
21003616
7760006
24189834
440599
10563817
5701315
17850533
3701520
20835137
18725220
3198100
5414050
10923493
19429250
9442363
5024021
16011985
19548895
18609499
3491756
12496145
18663326
4326658
21109446
3650763
9104408
22924305
17435393
2395547
6505531
22166550
23399163
16781888
23872735
23839761
2345704
4574049
19206645
8563575
2925538
15448216
11761674
10855939
1371708
6190923
22814653
6395728
24719260
17363547
5227
3211015
7376043
18668552
10054025
3485488
24835667
21674784
3926144
17271059
24070331
10431674
16953960
22469493
4729914
15826694
23825605
7075617
22917095
18032249
15639192
842632
10996817
4917217
11698570
12368524
13624492
12029574
21280604
13343751
4393120
23802182
19071117
14285514
19987085
4125141
17771001
19822751
799925
24213497
14610161
24870255
12161522
6564120
24856099
16891435
24907166
23681703
23967052
22824260
19230303
17122595
1183243
5227119
22039811
15398164
20111995
13180654
2427737
16392598
1524404
9337208
15194779
20595521
23622721
10181863
2237013
18910073
7520966
3036937
18123569
22131126
5423543
7801443
6211598
5279641
24692877
6118763
6477695
1176280
6459374
707998
20815226
10158968
8451468
20371389
557131
3563462
8552042
5501219
22472411
10076446
14838426
15183541
8188318
15977498
365404
10425330
9887570
10402721
13462267
5527491
10050198
18885809
13328933
18778147
1681802
15538161
2413261
8159496
16714441
8872634
11383845
15046018
19031601
19835313
10417406
22105083
915126
18969448
2606301
23387537
6562245
19961078
13571077
14750562
10938575
16452832
175891
20826145
4371904
16154509
3869987
14422102
12556670
17198919
10716600
14238471
7737079
13129861
22397966
1967871
24518846
8781811
17013889
18550447
3617123
4947646
18171881
7048600
23917093
20778182
7952488
7995689
18255611
24039917
22746250
4194186
15492748
438493
2536682
22381004
19109353
6406668
14319457
6666022
1121938
36056
20904492
8859016
13165916
18302458
13343239
12684762
2084268
7873479
8751560
8217742
12821124
1923440
17782693
14254569
217973
735181
22250257
20989936
24775097
22512859
184121
17784196
467703
2720802
15165199
19577055
11643821
4484655
1243077
12765758
7037063
22147568
21624773
20202978
17966377
12484363
10404091
22566996
20357841
21672002
8301089
10695317
1111794
1083782
24949885
1329766
1818962
24716493
22319701
1594058
24745703
20173
21894605
213405
5257326
12059804
19790460
16901146
19060810
23549888
4666903
1097872
20697455
3808028
23817202
16180184
18808742
11737644
13747179
14166583
8409646
22048268
2378251
9521439
23132049
2328135
13367556
2467362
4560979
13203609
6577771
4306682
13223781
3472375
7036438
18481107
18048530
1826897
12898604
12109340
2893136
20081859
15723563
23590591
23889886
17057116
17287126
17698627
3794760
6034304
9381561
12204405
5598923
11759811
21725843
3730971
16604297
10093398
8714684
23681628
23297006
15292454
2988309
14037139
18764829
10024746
10034597
14329710
14367995
22933200
1439049
17261130
18015058
19678964
18368072
19421295
11736079
10655197
14636274
18047190
19205853
24017834
5251594
24804775
13293997
4493788
6052098
7414645
17103538
14766781
6096272
17916895
5059235
9084580
6954033
1340415
21625678
16988629
15670124
13510024
17438181
19625525
8287505
12969590
14304488
1655577
7390885
3556918
14827125
22027158
21604108
9032977
23561343
4372053
11354104
14371691
8865841
17406201
21786336
969378
7172981
2882607
18886272
14748567
14483539
3356657
16088981
13625568
22861637
9275457
2135591
17816169
3900981
10423095
5785759
20721820
14595023
15692995
1795089
4422148
15236504
23399196
15971476
16314198
5287601
2325579
5685889
16669793
22248131
2472224
17639170
6937464
7871182
14041793
21686030
22354720
19914801
12775011
10980287
20292790
22050467
15632229
13108958
3467799
1055324
18894716
24189618
18166698
12104062
984706
105197
2340565
1900254
16076673
18654763
9704206
20918603
24340651
1373998
20683086
4329226
21529519
2620549
12200407
13087663
24306578
12071479
8002464
14597940
568117
3295253
14164758
16200346
18920562
17632556
19772021
12815278
19338525
12938718
2435691
22839583
13043915
4776256
2256188
6636939
23431018
11960393
5071893
288020
15850742
754978
7133597
12380260
3375526
19334003
2984274
5198456
8921833
10986737
19796395
9489950
16798341
11477505
690295
10718903
600 3
20462315
1050532
964937
10917384
3486222
1320871
23961298
10778829
3577058
8114588
11726198
18053802
13186481
14530569
11420895
13941458
21664165
23801154
19833336
18514520
1785427
31791
2436352
15288516
22344537
14442653
9603208
8822041
15132947
22838462
15448453
13111613
1405345
16413389
24028997
7407919
20250611
506646
18186747
1344020
8621234
7429297
19397821
24324066
21959865
8335067
13265523
18624030
7136220
10615210
12138549
11437998
13163352
17091252
4242865
10507889
6533905
13846073
19329929
24183203
14200886
12294733
12294816
15606231
6224473
13840164
23014149
1475083
16863161
18717247
2819102
3000746
1146543
24733274
2324811
23106408
8068340
18106686
16730437
17720911
3721895
6385337
6675261
16885247
992940
10918125
4909487
7526844
2280549
1755767
9226399
16481435
14050500
21521214
9604017
20274972
12877729
7618165
24266407
4740889
1335411
2085508
7741635
4998306
4335134
10066445
3104713
12403473
5689482
22351501
7640736
9411377
6253189
14315996
3812975
7246128
2750472
8722461
17289324
5031021
10478227
4032074
24028807
24528726
553287
8632823
22320050
15947367
18767339
21586456
23204607
22619101
1188315
8462593
2617406
5523448
21045390
8238470
20443273
1734871
8106322
3084008
11146247
14359510
19916355
14959221
24121990
22666826
1198033
18927665
5214198
11676260
22959738
6759356
11204985
1029376
17908530
8525034
19493094
11675868
7627841
17697700
11811321
8816156
1160293
14428726
14339603
24722034
183548
12299227
1456904
8289869
15383234
15119503
165731
12815940
7595075
24287720
12999118
8793108
20731736
18213315
20469367
18691473
2489023
9190703
22237200
20397552
20232089
16730293
9589772
2859929
9427992
21401092
14192436
13104636
13346169
3532039
12826669
13529716
15831265
14283573
24335937
8730851
6919427
24501667
24063142
14514501
1305738
12062259
23307608
22037473
7791926
21293326
15728945
10280948
5484029
12966144
8194851
716117
4696436
17784622
6092397
16640779
14185713
20284833
4745415
2531882
1333223
20088435
18577949
19680839
11888359
17913885
5928041
18807785
19931903
4991183
8322286
21237640
19569793
9146245
18275112
2361718
5439571
11520408
15159017
10923599
2002903
23353868
14156067
9215690
18654841
22764815
856469
7840554
18049647
8118235
12888787
21899221
3206669
8983087
16580060
15095028
4413324
24452
11419164
24345226
5015634
19741449
20582866
24585427
3887694
13857977
4463496
9327264
378385
22138865
22767214
4897639
20492732
11923280
14113329
14147572
12204446
14969797
24504477
7770445
23088031
14909615
4669665
3811051
1409054
23766076
21422430
5822377
23790528
7841594
7683954
6322513
5099394
3266819
8424291
8987087
19641148
12887787
20830702
22535884
10026651
18597915
2433522
8035734
8037546
16546850
24699657
22758344
6516646
1720486
5528788
7121028
19146452
10198452
13448431
20555505
11480880
12387212
3894233
12787759
20228805
11578187
19110271
2844551
14845005
2534562
11831637
12002504
17938700
10178691
9538387
5481702
6292957
11971909
16033787
16846855
6035110
18249795
14605198
15068108
19970280
20133985
24705487
16633084
7848788
13153917
14704940
21846019
541129
18599173
9633777
23286285
5177359
3744048
1130835
22538715
8794961
15478824
12057571
4250012
3173866
21595957
12248065
9466822
11084217
5798203
3830028
17119327
24047997
20951577
9703786
21534629
18601913
9409272
13167712
1450701
79541
5389003
813071
3137021
23988175
10446848
1423305
6681885
16707247
5070492
6736952
502207
23065667
18794522
7268570
1239532
17906830
19516634
13222705
3991047
314836
17052733
23626725
1879184
13004309
8330510
23413812
6606222
20256133
14097875
10573274
20335673
19486878
11386344
23472693
20991404
24349543
24895998
2673289
16056789
7482841
11926592
16558995
5548507
5721113
1343916
9304390
23627942
20860549
22527094
5135340
23691736
17096178
6278416
570920
5100487
17125277
1501083
14223060
12381410
15598958
2312685
7717082
12602187
13699028
8706127
8593590
15564923
11118476
11266878
6621711
18601316
23193469
697058
1666174
6430933
2040973
10970563
7575227
417874
11014008
15226918
24109609
3110186
21505334
2196880
10727024
16146962
6214315
24950083
3528371
21813272
2262767
13761805
11931810
18478146
22467931
20525399
9043068
8586406
9308629
15664779
4704073
10018449
18878188
6370246
16449382
20919160
19857160
1540960
23853385
5871167
16767877
479346
8981352
13273210
2676225
19708375
4420172
8890539
19658457
10464894
8220162
24437575
1743050
20151971
20432073
24210980
18193722
6991492
10313737
2502350
172622
15017809
12520798
19050809
23904406
6486531
14969969
18761565
8027490
13823353
24632732
24795367
14302698
8614083
15584928
19495275
5838810
22521451
5902165
3013618
10502697
16638679
2451193
12245746
14307001
399617
11456726
7500722
7391108
24286814
12519423
7563730
16820975
40221
1614538
15725380
9043103
19100858
12003297
17070593
10440563
11636028
16865959
24743260
22766462
9967238
21754886
3605271
7488689
5173403
9135241
17991385
21812081
11586433
5237130
11119081
14502401
19210207
21136155
21893508
21013373
8655577
4457237
12834347
11212149
6071775
6076078
20255252
172632
18079374
14842196
10613194
4715401
9224506
12872806
4998215
19191743
12144043
11119837
4196783
17317445
20255077
24704519
14129525
625 3
7458001
2764958
23860261
1668207
23901112
20753769
197931
10073040
2727357
13032277
21285189
8799131
19108355
19056792
11488115
12187728
11415339
24617660
19419481
20639844
15006817
1934047
14831586
2150860
13053883
21544721
19468304
10825312
21249239
11114181
20183172
3707239
16395490
21559785
7891798
15296601
19829905
8089728
2885992
22557261
21122005
1687532
6356392
17746711
23260675
20360858
7450790
9676013
19978517
1870270
5315856
12501686
3804316
22663794
14652545
19374551
19208514
11637200
5199862
17974104
267732
383033
21681343
16663221
24459169
7089492
9476173
19289073
15179219
14878517
16846334
13817575
16566048
719077
9080637
14826723
21079934
16531427
24502735
18574802
18401696
7334943
6076487
24722364
7515088
23245383
19096914
1723601
12398935
24296775
22214056
15183018
2196159
21411750
6846239
1655328
3501241
18838763
23460752
18680460
8717279
15307085
10014386
2799679
16026161
19095023
17626401
14622446
10626449
19645487
8197248
6544496
4496781
16790086
6266859
12011868
17551821
2880124
16251820
7467107
2176898
13465876
22650124
6889409
9877625
7012714
11061088
13378866
851477
9521839
9575677
12085107
24828924
22106414
14884785
18371436
16201436
10027537
7993882
4344236
7189376
18707481
10888732
11686156
13013918
19671942
23698024
5565738
22552066
17466195
15549196
24728963
5932070
13199320
9134723
18326047
20212033
20195810
9221264
23579861
4717649
18796940
10664968
7062924
15903353
3066104
434359
9621141
13093641
8428240
13965376
22799368
2135720
24854107
9485523
15149638
19526049
10699898
23231727
19594466
5682445
13780923
19323428
11614514
4496594
5974503
7456912
24708626
1170312
16678175
804839
8404312
10475114
13986158
15467235
3894819
19568613
15901594
16032311
10178605
1846185
4997686
7977972
6498257
7368145
19979847
21647894
4410545
5679744
22395972
24005010
13878540
13693246
20844789
493054
18189839
1819291
7949965
20414817
5505955
2144492
21219655
13910266
12619605
12722164
4377501
19030775
7290776
22795446
10063085
17469381
24641630
17577123
447352
6139886
24945267
20427198
5304131
6872163
3623294
5216455
5877172
17501833
18909700
4238312
20511238
12099539
6057603
5977555
10030707
14079909
8122046
8766713
2990174
23258002
21488876
9884026
19805129
6296003
7679471
7384565
23765383
7321101
24961687
1729087
15977338
2423305
24672636
21281469
9295467
5812281
1497923
17688990
830466
22923974
21927302
23858055
12539864
5501256
4835609
22570570
19581164
15474006
6337282
87689
16248360
5342509
9971715
13569840
14154864
17651185
20954404
12920246
2488637
20916091
17165684
18465975
855747
19354672
17263795
10151214
166952
21278069
5356555
3513769
21718394
2283856
2371824
9258258
10301463
9723784
9345179
7398978
2714142
18198813
7486667
18962501
23541321
17458381
7532340
12696184
12625917
6003095
3132782
17630906
1919185
22814817
11096880
2774932
17169488
5877026
15442497
19852792
4671446
20799051
23366560
1389839
599259
738383
10648096
13417073
10462167
19993275
20816051
13176308
13192087
5819069
9655160
14249759
793801
19703851
4462295
13419717
706945
10111428
8566974
5142482
7926244
19663853
10433765
95732
3057230
3392613
19948523
7728675
24191663
18315082
9118514
2307273
21569817
19766609
15724346
9548335
17276235
14056748
240994
7984673
19875816
9896153
22234432
20669616
7116355
4213078
11605684
7823299
14324505
20172658
15482132
22250748
17352862
915896
24862831
20410092
6824860
22327705
5655118
6016523
18159139
14773631
10840147
14728955
12056592
4080844
1793641
6849178
18137591
2034634
14833851
13013406
14447138
14584634
11199373
21563492
18797711
321409
6903142
10638567
23010418
24901626
10405666
17879631
3333873
10268497
15806074
10158733
7596201
21461192
18691607
3271691
13751174
4531753
20516997
807765
8612597
22310637
10173295
1750187
24345270
7145
17279945
13792407
17108130
5995669
12872250
10905840
8833429
22291744
21544406
6843846
22193369
6950071
2239829
3043593
19734919
18045902
13202325
4847472
14507093
6893931
8119162
5774619
11425684
3636159
9098735
22554632
946795
19272029
24304818
2808417
19279173
19101114
19117175
13903654
2613135
9505777
24809493
11446563
9313872
23870250
20806761
9023592
8336673
23046589
12067184
5587943
16092490
269509
10435414
8115935
7163439
21070928
16406905
21105474
2223438
505639
18660105
5686584
19777668
20481275
11011352
16573192
17098740
5128527
5476846
19711874
17150655
7802690
6158437
1464526
9189292
1965197
10488117
17525964
2528137
22555300
630258
21136978
22824808
13582024
4252912
7504599
9652951
20659816
3610072
14392740
23681807
24786529
20079323
18459474
22784155
8607027
12549017
14882894
13735553
18025862
9594768
5886207
3344904
15753204
7350732
12534195
20234752
17838848
7576510
279240
17910499
8206767
21416217
15735307
21788790
3185481
756257
8958092
1361648
6882680
867183
43454
6669208
23462858
21019279
4453362
7069884
8568296
19336256
23321788
4110509
6447375
4207994
7455412
24716930
14075077
19989606
19951681
9430276
5082467
22747272
2340774
13289234
19163488
20592432
12594375
24865320
21348688
24068819
1226968
3231368
2452353
3786773
9900575
915210
24806052
16870289
7985093
10890699
13722896
6306880
15001207
20170270
13031225
22456619
19887199
4622653
19962576
17355231
14052928
45043
15102502
16393702
15850628
11782341
14502485
5961354
11647661
10851173
7546524
15390980
14082540
9998877
19177752
1499466
10914086
21500155
20886106
21415531
7390853
650 75185037
5238762
22392060
4779270
20786339
22365030
24666468
408991
19843957
19538050
14461919
22405351
9640551
8371972
13255978
21422892
22874456
21733684
10586904
11241980
4280207
977883
2840871
14279083
20155634
6856689
2709521
16655789
2742794
1641403
1562993
14868147
6880164
23955052
22163768
2666502
23836433
21830236
5591845
18680390
18884637
20053763
16085740
3525188
5942086
6858070
2464431
6332893
3591753
13051334
17574873
10388311
14029216
22932095
2183746
11701201
4788783
7409618
5873341
10047929
9051020
7436334
24916075
18447535
8907737
22079842
23630389
7744170
21426429
4222233
3940911
15311066
1792347
22543002
21352605
7734432
4401071
23817035
16583676
10509175
14384720
9158548
20897486
3413935
9606995
597583
17631487
14395777
8007200
23504828
24443705
17058219
8457513
1876131
13022105
19881601
23955973
11652493
2625770
22898753
18391077
9083032
13209818
20183423
6626034
9562422
5434206
13543456
10895808
22017882
24052631
280527
8692781
22466468
6210813
18299775
23064050
23842300
7695552
8587601
24863479
9655608
645819
10837343
11531739
16184275
5718943
13004063
2836768
10861065
10902815
21227844
19944096
1628985
16411267
4086481
13707758
24361824
17629937
24603566
21379705
19198919
2400444
5072486
16665386
8611257
888612
17245787
9969908
11100515
833387
12349738
20756123
3995557
23187080
9804213
20179831
3906022
22808275
532950
17283438
11227441
21760794
14743886
12856425
15688412
18830366
1564183
17566587
13976654
3684100
13946292
8175572
6084543
21535129
2357309
14695799
22423740
22119447
2182058
8524255
469185
14531795
6796729
6981093
12718874
16600941
2160924
19141248
16925567
5210225
13941037
3153007
1971018
3684922
16009432
20175781
31640
20089966
12742368
14008293
23774065
4205011
24700217
4858607
3256491
4573877
22070758
680230
4209676
1769167
11720836
4678860
16300962
21033916
11659953
6536187
12634856
16337228
3193786
7076774
21547452
17134823
10229781
1034822
20819744
3755564
23726954
23367735
23845529
13985673
14892380
22619593
20707035
14592596
4994551
23963525
21682824
4581660
2160107
892499
6350827
13880942
8087711
22651788
9914858
22264015
6704326
66065
13601242
9898112
7142839
12665045
2032934
17372619
13699866
369029
23644534
14943172
23736764
22490062
3928844
16145495
22626006
24635879
5738090
5136908
23599403
4937265
9718568
3275861
8346116
18585746
17156803
18950178
18753885
4588012
16214192
458210
4654076
7331785
12872673
14313266
19996829
14905606
9202236
11213047
17790987
7846769
1156218
19044102
5336830
7601413
10189596
5479187
9753643
18444037
10616095
10869398
897653
22851014
14145258
9243768
16436759
6302060
3193945
10190643
13406423
19408136
13165204
18060499
4256272
1037877
9890116
24253101
18459834
19092352
10466147
11250820
1939120
14138716
7811273
9792302
24256480
18000868
15271488
9010123
13961256
3403934
19879520
14858909
1254947
9024777
24102676
17691705
17843189
4812973
5398699
6249611
1737460
21080255
1826461
5993732
22118131
11716577
5246832
15577964
5808928
18229330
4345136
10264399
9884397
12156408
20056700
9140876
7673628
10328188
18150998
21634883
13732121
15546869
11493791
14987068
2087998
13112819
10195124
19931186
17925791
18110175
3697148
19663250
14190429
8039961
3173333
13824911
22272889
10936516
6919226
3081816
6682197
11264361
15862566
16566593
937121
10919266
3223821
8610748
21247453
21374818
7761982
12495925
14438039
21772125
4999344
16526036
9884943
17710820
11457221
5327085
10820994
17670720
2506686
2527774
710680
5680019
16352684
22983568
16616534
23271909
3581735
23298731
12052622
19444301
14865323
12989742
5363566
20605495
24116841
4127370
19496665
9395174
16623294
8934703
6167298
24138990
460738
18568592
16849809
14434310
23895676
2670802
9621381
1402362
7714927
10332061
7082380
24067610
10831980
1215265
24855870
14413715
24513995
11908491
11374367
16895670
2414584
19254284
12501164
4047776
23381653
6997828
13442950
17521298
18448882
22126599
16660287
18909619
15695191
8510095
10860280
14590866
13697248
20481661
18509579
21412174
5813721
591958
20479783
19162052
1807223
22852005
8575766
3837569
9760495
22466484
20733238
14691431
16720767
10750754
18739206
17618771
20264933
9698507
10140069
13713815
6825106
4316707
10139785
22520296
12826802
21000065
14627513
4040401
16481725
8137092
452575
24811797
11245401
23448709
18973848
15568975
21300713
5065966
19406544
8577560
2532449
17656133
785342
21769568
5923238
22040899
14388338
1188171
6739406
2044758
14901985
13564511
6361465
41769
13601158
21704618
23558185
3228670
745018
15039909
13882113
3713944
17368057
127514
2162653
13858257
15696488
979717
18924222
10103031
12073628
23973022
5275516
15375321
20742589
11198753
12416220
12647279
12386923
19155625
14692036
4805259
10236487
21053500
4847028
23837644
17758117
3405212
4582665
21019487
20961473
18464778
24733430
13329529
18592291
4412434
4704137
9288778
7908503
23628358
21908161
22498482
117732
2183676
12873803
23376672
13382428
290022
11023950
769351
21961998
715986
8090961
7198484
24285837
12937988
6036127
19560306
18859552
10618791
15579792
17337376
6599920
15313221
8183256
192210
22242007
12887393
11997340
5150509
14032102
8905500
2648990
14149833
11089175
15522792
15042857
1987954
18329165
1066806
5273656
15291162
4299143
13364617
22489645
6101332
3818956
6042123
661637
22678507
19177266
16241428
17532234
777185
9071000
715490
3485747
8829358
13602882
15483086
13979866
2634983
24388585
19145208
19301168
12994111
9667999
9344024
17498416
5513516
12927181
22772072
20804677
19742676
13653040
20810674
844007
17471995
1852796
1505643
17666854
23546413
20263422
10199087
1839950
6850773
675 32027763
5325696
15680131
2033809
20808781
7176348
7185144
22713717
1321555
1486311
13224179
13505906
13346686
5722594
19019421
1273866
6011017
17340449
23532893
22180408
13151122
24376899
17168755
17520270
3398893
9835608
16066682
1178666
22551046
17906631
8029439
10981974
23232326
1225921
13015782
21557458
10918620
22717277
19271174
12240175
1719939
10011704
3262432
15066624
18250650
24798204
18856842
1778018
17138652
17389734
23958426
5289774
16766633
16127180
22810043
22681877
3479139
13876724
23860543
1030184
9299707
9406333
14528509
7532032
13148605
5060643
6605842
24067224
2777919
877015
13823750
4497858
13405071
19602533
19564481
6655720
19400736
15937674
10950089
11539388
8327408
12424866
16829161
2610392
3552045
17155555
292268
9547535
6032278
1669162
10577719
17848336
13591846
106227
380368
1740450
7683221
6986209
3324026
10461140
10379575
17147775
14958997
1300997
14266660
12039829
10473068
8667395
5493855
21423157
20206782
13821262
8848022
14552294
18948005
14916419
6707848
21756624
24463953
15256478
23425786
12558023
8104813
12017631
15180602
8485180
16274433
22863822
17987740
19598458
8324961
5883667
14262584
800309
7184663
3529243
15356490
17657731
12196638
20850344
14080887
9919771
12187957
445260
24472065
8652313
15361678
6179912
5408936
14825631
21436389
6351073
4900005
4541202
20885056
20080606
15542733
12159488
17944428
11046825
6757945
3785740
16930491
23536880
4586049
24115153
4582475
22458890
16772883
16779112
20825585
8370121
4215234
8013541
8815381
3687298
16665853
1693410
12383562
24591140
19035392
8819950
5942213
23935397
15877503
1827268
19016002
6420236
13986755
14476781
19983412
23261051
18262521
11913902
24314282
364921
11029054
3896756
22823810
5318289
23192219
18649394
16204761
2407453
4179286
2536493
6094750
23361490
6746255
20994663
22952629
781646
4814613
3894841
24717042
23208467
5722108
21249396
7145054
22225214
10726176
2128465
23002616
6505048
14042366
22316898
9386320
2587772
1213653
7210129
10422412
24405872
3375874
1627172
1813324
10071511
6680017
10424425
8433000
13426271
6419088
8901981
14207916
13750052
12796821
16441310
11958518
21035281
15207057
21619924
20776846
3449584
23748388
18779462
9954632
12790754
16096359
19340951
17894877
17310011
4067432
3317288
19232234
9959657
7460811
23561909
22547520
14140827
8986334
8496871
5083449
17921773
17398851
21807717
6671824
7712024
13249026
21146693
6263656
3456082
17766616
2040501
6905665
19031356
23336314
19376648
9338461
16949024
16233951
2233337
11775387
22817734
8066976
6007620
7777390
15527786
4569529
5324909
7184965
16072214
16338132
14784765
8993986
8736982
11592481
18182161
16449005
24841506
16845205
229012
5813939
9611821
2269513
15235956
6159528
3122178
9612603
15497988
20071202
846553
17731324
6846588
23664286
798299
12854207
8958028
18842436
19940087
16799288
3543752
11012300
8137419
18328517
22522637
19390753
4920997
15704797
13356109
7278855
7550002
13585121
13092793
19678174
18370985
5845100
837701
21493162
15457703
18852040
16564363
18820607
11583363
23410950
20001245
14898013
13781509
6475624
8740448
8721595
791263
12284200
19733895
11445034
8129068
17256531
5835786
13050064
10477680
19191894
22845270
20544033
7777014
13454415
17738558
1147998
19299514
21092610
157512
12273568
14944649
16721874
6094175
1528011
17649176
3611771
18942375
6430684
12603746
2682822
17668630
13395008
17483373
14918876
24840041
612440
7175407
8192178
16178856
20169438
2384072
14024125
15713470
12677437
2478539
10968379
16341787
24294405
7060988
16499298
11567972
22005636
10737523
20178498
1049998
3386698
23790268
19992372
12333733
13910365
191545
5002363
4821725
20191270
22437590
4661765
20803709
4612996
12853943
14498916
2298785
17754366
6039393
20528606
5431802
11034283
6496984
21773588
10328687
13557971
15789237
21896659
13079958
1526760
17075156
14129955
7429809
18381776
11638678
22279894
7292140
11830223
2282256
14630216
7021492
2236197
19291981
5341552
6849193
9662275
22356820
11664329
2416640
3396212
7192935
10364793
16946846
13689918
7138381
2275533
4764241
443969
24172191
17844198
1970728
18763698
9490505
9400537
12145473
23645534
6680430
21953965
12992108
11479037
11584180
20013599
13715233
8392512
2871503
23080777
20571138
2744674
9745106
22987777
8657237
19454392
10868922
604082
8144309
20523654
2879614
12908549
20967622
4568156
5752747
22938350
848206
17759603
9855238
15510030
16405136
19052019
12463994
4397244
8047407
1564526
1927194
24278991
12473389
7315048
22359768
8044527
10059721
9621225
8548655
18716957
4075616
21933928
21837391
14736276
17457581
2233356
2644825
13425203
6801512
10913923
11363552
7649717
6189877
23735141
23159746
22595012
17787159
13140092
4508607
3350917
17220969
6435801
2629907
7210709
16267200
2506026
17771587
1326921
12127250
3836594
22560229
18719217
770521
21913971
10971845
18228102
24147327
13616669
6653304
8465190
2046943
20533207
18631258
10753171
21784699
19307355
8348182
17088209
7447446
15373141
20439125
2184766
21808941
23069031
11911827
13076140
575057
4683413
16919412
15218658
8520006
16995993
11454227
11806879
13909963
22426071
5034980
15573641
13559091
14204635
24038830
15606033
9737841
17670087
1359203
6522539
11977442
12223736
1127099
21941239
2596876
21566223
1642357
1922168
19635253
13554183
17514660
22726661
20753947
9434071
15461671
4273953
3946415
1915897
16080831
20372730
24341967
23632162
10946370
12901057
12836796
9985200
6023441
90988
5171638
9898995
9129878
17149079
22122730
10256976
16606670
2235958
6823198
18249026
4158125
3974802
6803208
21672784
1701463
5073506
8623207
17163133
11863810
15085973
21595381
5460992
10458702
20937347
4093153
21405072
11354755
16929948
8906623
17378195
17020935
14078260
2277189
1150812
6227339
1916270
13924139
350360
4152227
20747336
18599385
10826704
24722138
2918944
7499487
3939952
7992449
700 3
23619436
19856259
8725018
20214816
317250
19183719
16152162
6926755
18105142
2506916
1373054
2011764
22401462
18393989
16090024
24678650
22061152
24833714
1594919
10985291
184073
8263498
9248978
21299809
19090201
8971115
24218752
4106039
15427418
9727552
22745084
14046853
7100162
8986453
9261668
7417412
3170171
2930181
16860518
23791665
7953448
18233571
803428
5354909
14143911
19409803
7549910
11205063
21759868
11661181
24706705
21943940
19924678
11472034
20760100
16531230
22959501
19978851
20637268
13386918
7222755
20898703
4950123
14322916
4885155
16728142
24256679
10571678
19658323
16117196
9363342
5128122
9350767
12683121
12999383
23494677
7092924
23065644
12216091
3852791
9726824
14439147
3313083
7167853
911181
24073182
23699082
23870681
21568385
21852702
12257598
3791139
17751404
19724072
18114054
152911
11452214
17370733
10724588
8626888
8487928
20087929
16271361
17838694
7771049
4270743
18849723
17380324
2336387
6065813
21233115
14579562
20504960
2062549
21747415
21416140
1135730
22962848
22803172
22704114
19815549
12577121
1495252
15083305
7301193
22125658
15236215
18753406
14496390
960802
2380293
500669
23565082
18651653
20855715
8852482
438748
14705437
1232806
5291486
23287601
24982272
19871047
18792560
2044820
16618461
17725051
3180549
17097661
15528222
3401015
11913209
3105343
7412618
1996513
12922887
4538275
19749079
6676292
21551016
20709880
11572936
24568037
21791313
7740940
20423751
5643795
10696039
12645539
6876600
15987524
10933139
9375223
10858571
7242051
11420042
4993383
2483453
17116942
22091043
20528027
23034308
9004252
1149721
5446926
13517116
14072607
9985200
8266195
20748898
9052568
6492426
9838185
8620604
3283739
20095476
4044354
8927533
5791515
19206244
18320484
21779038
7655734
2695706
7637608
17414136
16632099
12630991
19897589
11265392
9722033
15425615
9299700
21242636
19091687
14746625
12276104
8164293
2248176
20542298
6429542
11300743
4551075
16267726
22437698
7834813
11363201
3998403
16762345
17154715
23204646
12599180
16450105
8376732
17811237
24087712
790867
9443335
14235054
20688455
20708727
1473439
13630421
7524778
232426
7722107
22271402
12508529
18402751
2035929
10567178
24832292
15853024
15118253
18616369
13290721
22953065
4979570
17289124
17231762
24650636
18010121
4830941
18617092
1386852
22642178
20221156
2177719
9601864
9456209
382525
7826942
13445999
16529298
15351719
13678425
1767756
15139472
1186953
20170507
17175401
11754131
22519150
8028424
1872383
16135519
23835496
2341799
23631440
18640971
19573560
798427
11651092
1920853
19415519
15554295
2079382
14636674
20248365
11681245
1609234
20630890
19508187
15055233
14676539
12376257
6250009
16444294
2515729
9953313
14131152
22207481
21707443
11650302
7752256
1096177
2785820
6587751
5954328
3933611
228722
527887
4732037
14396165
2448739
24147555
7466811
4528120
16300580
2715176
18725717
20426166
862417
15750255
10481398
15538955
3126511
19247758
9499600
8158591
4201070
23630752
5366071
3424865
10281053
13118326
7037393
15583224
22222429
12991720
19516834
24967502
13519607
1765222
16880018
18484697
3429129
24346828
529169
19729708
4578355
19254885
15155873
5440771
12521491
3153622
23496077
15648001
22401379
10512029
23806592
4118801
9142780
6689014
7543665
21940184
22323692
17097409
15039759
19546120
5089129
12072944
19513621
21125087
13838165
13909990
14609783
17267293
13256817
17655303
11997001
17835172
14426539
4669225
792294
1948029
10339199
1804723
17596030
7740577
12316751
18918973
14375729
23975882
3124338
24435745
20916065
448029
16533154
13472175
22510500
21622282
545118
19540472
17747368
14383282
8450461
9873502
6650575
21707278
5045157
21163927
17058801
19471695
3349503
20367446
21419724
13688701
24688520
14015753
23945630
12005270
10451077
13321358
13497503
13575414
12757103
9413567
16539795
4290256
402093
14050294
3428889
947210
8590766
23692608
15330492
19557578
11082461
24497418
16264855
16127617
20661344
10840007
10599312
24010846
8723805
7019035
15215899
8412324
23551139
14161528
20417594
11518567
2482885
11431448
2610332
17756339
20845015
19150126
24562946
23763459
10716772
2991834
24710669
21823889
4200793
15041160
16381466
15283254
14538577
10162673
8927222
12716272
23519031
19526533
14243469
7242835
4061919
4459367
15655159
5129409
18620894
13589104
16647975
23620131
20551
19258307
16376469
23381917
15924784
15939415
22145376
1641555
21447600
21856044
23465443
648393
14413555
17363261
18447998
6468483
2525933
2375219
21701106
1044963
24418104
10944574
8287798
3480022
17920293
1459308
8609431
14057538
15048411
2773757
12677668
17585313
22032063
4054137
15967230
12956847
22509903
15628957
17114753
21473854
12485000
18096548
22122246
4414906
10459808
18086595
10883388
15502092
22978166
7584493
16547054
22396269
21045418
2351203
3392642
13965710
3810510
14518424
3023248
21375272
17292181
18217267
16476937
16840595
24787755
7444166
4797441
22297657
589474
24428546
18771511
15590825
17525093
18410108
20005730
5501252
14013055
8405469
21003343
11991220
15989961
12550396
9387488
14551730
17417951
12780129
6033792
23744812
4814905
11573391
22636436
22107085
4790657
14113372
13947679
4578412
24073889
21261472
4392420
24663362
20690017
680282
15254186
15731461
19090390
12776267
21232712
8103444
21181735
17236054
22611015
14688047
7302801
6998502
4239776
24720751
22294982
12789919
23465563
2109886
24363309
23618350
24216970
6670318
12731721
15681001
11248729
14321961
11942472
18157500
13985322
10148840
18837782
6755859
880300
15444523
19532125
22113011
1064318
15713859
14349064
23675332
5401905
21651864
8190185
12158032
23888967
5485166
24947951
24870881
10111404
24311259
23489230
11844725
5981576
11220950
2525725
19746656
3059262
16984548
15420508
17044583
2133387
9258289
1316793
3013686
2219163
20848917
126696
5799832
14079127
16992111
6991515
19481031
13643975
15181699
6639062
15049293
23183216
6587012
14920173
8294619
8414623
13409402
22655696
16912550
2146703
181420
11659206
5205964
17165968
4596065
24766898
19299354
16370705
1083690
24829392
18589867
21932606
2472439
1906050
11011732
19464550
8897564
725 3
10624876
1595614
17164527
674168
24778829
1267891
15594340
10589800
9682513
6520093
10761847
4111414
8666795
10943266
18286971
16389110
5625585
22883035
16156007
24924939
14253739
17239696
2270682
10359957
16688653
4743120
12266006
5216736
24207669
21163569
15742201
12348896
275534
7906727
15539415
2570715
11690969
6133754
15676866
21373481
15170198
1438712
3001247
23836992
12381977
21288217
15226101
18007562
19171252
8898459
20448852
10941342
3654506
235885
21301299
22859510
4979004
8567304
3076245
6703025
7247225
21334797
19051920
7522758
6757876
9591335
12609824
18448844
18241440
3286689
17338677
8411638
4725400
20339923
9764981
19623729
19144491
2507434
15147642
13315742
11405892
10596493
1773436
15060398
10832377
23074734
12919907
18327732
9158389
18512504
30756
16405613
14847300
21599028
1444723
24121527
8706714
14054546
17570371
1948153
17341235
9909047
12876142
24582986
7765321
22641123
19206714
1909811
148556
9354355
17741905
14070799
19950847
19515340
4131196
8299575
17590073
19567455
1627307
1748461
13079958
4174414
20670426
5443609
773441
24631500
4565136
9480154
13686045
24651858
13944659
8543631
9560904
1820800
8126617
17326224
1978274
2333330
21752386
4643181
11687685
14494290
18713980
9154883
9009629
361527
19970810
4116053
19928981
24114468
8380866
10525290
3288881
4051291
18485251
6578674
3682790
566738
18575179
19885186
218595
7519837
3428817
12295850
11856989
11555433
7138425
16351614
13888762
3890810
23511147
3092798
18385100
17225126
14764033
4911080
20103004
9734842
9027133
15031985
8849309
17407998
3073626
14654541
23975640
21558876
23749566
5174781
22125613
17324745
59966
24860559
2360933
3488782
12156408
16734273
17560566
19294832
8085887
8965680
701994
6597033
12058477
19087093
1338510
1822509
23998172
23957865
14073702
10541656
16506201
22923010
5466005
19579827
15093903
4441644
18655054
13843468
9616424
18297019
8684564
12192742
18157577
11045497
15681523
5313985
5296121
10758441
2125168
13382007
19724120
2827161
22495391
9298948
24430605
1350252
13637809
945129
308117
2711510
11486784
16814317
3150872
16952789
13910495
18244774
23910784
7565549
9604593
11043560
862567
18289157
23236301
19020143
6851005
16434175
1850479
12147125
2192615
6491999
3045484
21916734
9319159
3057226
8732034
8749764
4407478
22369842
12211244
7231946
81351
23698027
1562614
3232222
18167167
15473109
23993347
19594303
555009
11114292
5637862
1417575
4403448
3874162
22954069
13770804
20308336
2320900
917928
22500951
8812898
3963411
21934036
20648408
9536989
5666069
6914523
13944466
5552262
19125766
23692763
5633613
20340145
255376
11382186
16023663
18244836
12891885
10617965
18799844
24006176
16255826
22733770
5925975
20129987
23204191
19696778
17954675
525090
20614705
17971977
11854339
2094468
17422364
7502746
11631456
604785
16933621
3092273
6157046
11059386
4301387
11790658
8915882
7073114
689196
24939545
317950
13581080
10557509
21634145
12587255
4329687
21884267
21029581
1976025
20088457
15726358
19930699
20613546
13857414
15419027
9984236
18468233
7841391
17486981
7616040
8446175
11936953
13224664
14603220
22996339
17526050
3910230
9428572
24599164
7115777
9368116
2433465
20696856
22441977
1583961
10800462
1771663
23468227
6830042
6264039
18556683
72751
3711090
16686580
13930164
19130116
1670815
7398397
4487858
21674148
15014436
12934032
8611100
3239100
5053604
9123790
23281501
11480185
18552362
397016
21112313
5436829
5346832
16809168
5395157
6930793
5125981
9683171
5399019
14472374
15947210
1472054
14545124
19658299
20674985
3475287
13788414
22345800
13390035
20792624
21536299
5920823
11243007
7663750
11676274
16296610
19303892
9957774
5293146
15372605
12871142
1405458
20809433
18217973
20730977
3720942
148765
3373309
13404112
8064136
17845682
4351321
12052541
7390805
24009619
7727525
13382444
15314385
7589676
4288830
11107008
4125974
10209652
22350014
14306076
24402277
16162976
8609967
11876403
23972473
1498923
24747544
2894283
24824707
17965516
1141611
3545648
20630633
4514920
16949760
6211120
24876953
21301080
18263660
9784110
22827051
991184
682905
13141435
8580860
4971734
1764794
15223185
17697738
1631159
7045612
17100014
20310486
18171930
3976416
19282959
19670852
3723959
24693593
19495559
24205827
835203
23041206
19836459
7866474
14990965
1047578
7743427
13808397
21827589
17527536
11635447
22818772
20726792
2293233
8915983
698525
4058026
1655520
18396262
8205536
8701131
13012628
3516022
4389413
16989043
315332
24060264
23229354
8924
18555822
22435180
3360478
19113380
19787990
11226952
9104344
23351919
21486730
22912740
20179507
16530617
12064538
20514630
12257408
14357770
4430613
15472284
20932147
8602484
11384898
4137683
19819966
24397525
10170056
24209378
18902919
13001739
23269642
17132272
13010662
19341815
17083803
18887491
13455194
14388144
7630794
75890
12740062
4117523
504981
7919568
23164491
12569519
3434198
10421898
4443640
10381162
3410534
375787
18983645
14795431
7029821
16319962
14192955
19716228
15529340
8095873
7717966
16315333
2744497
23244979
10657147
22344651
19648821
24112341
11732795
2279615
1704582
1989208
8913489
2209562
9908776
7077980
17295432
15859325
20016229
21739072
3756838
23426762
24631210
22740482
15738544
9177382
14060443
4931498
3893609
7106134
15543723
14127926
23421466
18288219
12372904
9078613
18149221
9538076
10707305
4882015
11817690
14928238
6871223
23247531
17137799
19296350
5325510
9433231
12672026
2858090
6172302
16428863
3801204
8319863
16685696
19539747
17497244
8262490
1987597
21390852
15368624
17531319
10518777
16306441
13335889
408032
2901405
9001461
9946107
16125061
16399828
24280149
6053298
787402
22527679
23191097
20083751
5369540
10140679
10272128
10743981
18829332
1700990
14545184
2149194
20903037
11601283
19646437
4165526
16105231
16037288
22050501
8636549
4072416
13356942
24488789
6996799
18774698
8490249
19459257
9899759
24890076
21255757
15953056
3193829
18783435
16660504
23277579
1669326
1801182
11066058
12413307
20630513
15283399
4474842
22779706
11186435
16076124
17426142
17868313
7181354
10979781
17435165
18334254
17568548
8308458
20339394
2081698
2083156
6345995
24057307
11982914
8752422
20313063
5452321
11946251
16612850
22112825
12740181
18282175
23914006
23806239
5695481
19544519
14089637
750 76692191
19840576
2792424
3762798
12266718
20660736
13460504
762850
13095900
9311109
20847750
21404358
4650503
22929447
23487513
10996497
21986753
12986778
22265270
17299816
18439098
9211520
8912665
15551922
21951701
4711191
16982280
20757939
10406672
11526798
12363927
23093346
8883725
15156350
1856143
23666794
10817085
17832998
24429644
1429337
2144107
20277393
22833694
6794609
20723191
23837558
20307457
17709944
11824335
17572726
12526111
5263432
4300598
23955127
23331706
1252298
3666317
15313985
24526588
16589340
4357134
14406866
14682685
13240858
7079568
19055180
11907652
17896652
11888177
13853647
21842340
16548635
9131039
22192385
859595
4854229
21029942
23683403
80524
10370628
18772481
12606634
15634060
23073078
14078112
16482117
1841727
17744429
6796101
3884666
11850120
13669586
18291531
1532805
1910443
371098
23104336
16334446
20784102
12508864
5188092
20142793
6573851
16835482
17335178
7433445
24206063
13365119
6116848
24286586
23735747
24889328
14409572
16886158
22962405
6004035
10884626
2320483
1264815
20197078
6205148
13114935
8866663
2013030
17164091
13293457
4900480
15268426
4627903
684581
5293641
12332346
20827373
11867491
6684180
15678902
19300936
5890242
4044021
2934135
7693179
5296119
5339814
22102750
22182276
5818570
5623137
10583253
8139052
6887951
5780330
14344199
20002885
14646992
18873580
12166975
5456800
23774059
4951752
10084702
1974991
12761745
24933400
22802364
24629235
6617579
13481265
21446522
15024172
20041637
1897008
22717350
337755
7236821
22336452
36382
13055390
2959588
10619634
21194441
9847538
18916315
13054991
4850423
8563306
6928571
19533749
14020106
8218981
2001853
1621159
10193972
14763597
4070910
10512687
16909183
13204840
1510303
15872057
3229011
21551940
17769064
946361
24406046
5885
799164
1958780
13061274
3758751
15094765
11772067
13606288
9011080
2343409
20973062
20090737
9271979
18023163
11627194
20007312
20025015
15764705
5201283
12304963
19835614
15713969
4214145
10556806
17224271
20086201
13785816
16292562
15371617
17248528
15698608
15377501
18047691
20173739
5955126
24322793
10268503
20243544
15445433
21795934
22586953
11418494
16886671
9375283
6958008
6030216
4382594
4499374
21794920
12100228
16804336
19146886
2814196
23534833
4703691
20038467
21137385
21005858
13847380
11509001
15770738
4545987
4402853
8818428
2236077
12874331
8141221
12504580
8117874
23586653
11816865
8221178
12521498
3703535
20112813
21995858
12250103
2011758
1495231
9045022
14111986
20815919
5708259
16926181
21867103
12928301
14480999
18004487
8934159
3328379
4513488
24704896
10390717
11432692
11039675
12626794
24307022
21697247
2647725
9941248
22800251
14464589
20678777
12838101
20684476
15791589
9833958
7934578
17803347
13845540
19495951
6915332
12177810
204210
1357864
9044912
13132510
15838863
2049399
24583020
19167241
9079238
1804267
7074309
20511929
15360294
19701102
22335303
12057540
24865178
7276550
9857791
14329767
2955326
212243
10014242
21263267
12562552
17948819
14066613
1408091
12444769
23498296
16102253
15165330
24856159
147164
5814192
15695021
4712914
5397211
12378613
13792151
7201478
21969274
11820432
22561771
19186727
9155734
12135662
19051905
18948635
24509804
8381671
24420312
24722046
20912264
20683578
12284597
16377434
12266542
16209040
6338554
13281189
7311292
21503884
13137348
7458455
2318075
6348720
12171369
10231637
21243685
3479871
19949466
18212958
15300302
20027588
12399684
1972387
7163250
6451588
23437373
6673053
17349610
374037
8911451
15778225
23573966
21196047
9672010
10840508
14921438
16010564
1638048
22232729
15030799
14775395
7207536
19865225
21124115
19378904
5096861
17367799
375126
46327
13097108
18191780
20073914
496791
22680518
4753515
9464731
21117891
11426568
4330692
21491927
22854370
20108917
20065892
19050416
7297278
8422751
8971854
23307841
10060799
8720934
13338639
2352545
15928469
10720215
993011
12823724
15817076
18360809
13198850
18379754
8974268
6390629
13453667
9471059
6587498
20723534
21452141
2705388
7150101
782832
1713666
7520822
23408100
24295910
1571237
5705378
7718660
13059442
6529570
20295810
24296728
22384561
22648355
15225196
8104775
23641365
3048920
23921850
19518526
18764121
17301603
3492793
2671101
8271622
15480203
9258598
3995155
11932343
14480338
13661607
15231527
16194003
23698780
16155978
15489912
270016
21861355
724924
15845810
3390925
23537085
15142537
775485
23701791
7884084
11396611
22343156
13449355
10318461
19378033
7213475
5136415
387177
12400927
15924388
18383732
21659525
22435894
5316074
11139862
13613852
23063952
4850216
12312631
14219930
20340128
15098999
11081284
23581403
8461160
16988560
22118487
1120048
20280396
20820278
9004131
6677007
20679785
22453486
19511819
17574169
7183312
24648233
17961345
19584239
18088973
11345076
16243763
15524866
19177502
4899976
6655070
17241453
9750191
18967700
6461382
7606670
11583050
20059018
8704424
20044209
14563929
5822911
21164256
9844325
4159540
5168387
19037683
24839324
5138224
13549501
19929844
14837887
15714085
12891188
9422125
8803057
1752616
3182239
1844275
23446469
8082214
8499344
15687921
20348757
4983395
24665655
5471778
16566445
22241024
14176202
11610653
11804952
22515464
10291261
24165628
1675003
17975999
18203310
4030678
23114222
6752810
23960521
12952108
22466895
14368060
24890585
8786303
16120675
3072823
10630577
14567143
13671389
21646272
7771416
11536497
1629667
9953422
19524626
20712463
7194445
8700827
7323115
18999396
6216290
20130727
20681376
10407644
13106725
13884685
14438321
13737298
23153847
15915193
4205758
23137093
5283253
4096342
6923395
23920279
9685516
20070324
16003774
873256
16716595
23775189
12409752
20862613
11244962
6934378
16575075
18439406
18151556
1414542
14955153
1884198
24061620
10636528
12291841
12168345
2037565
4246514
905642
191411
20161706
5111399
23328503
2961310
11724092
5251897
1881589
21409608
2838572
17885362
22282863
19555167
19176902
12208967
17934131
5421863
21659696
12025558
23861268
14811251
15956451
16332772
19211800
15018070
1969300
9019993
4702766
4006864
13266506
5608408
4198274
10944563
13236158
5043128
13905873
24960250
10295024
18303813
21369857
13133596
11189174
21169071
10205114
5366075
8378037
5655596
10787937
5037732
20197505
12165556
22365335
11153955
3498327
16577134
3688377
7983978
597126
8391142
14507193
16379983
13999549
21221818
4840898
2235707
1264945
21263122
4712308
14076321
14566934
1082164
4726268
756107
22251234
14931381
8638533
8145623
23103328
19426469
15699706
18300833
9108376
13065040
6971139
12606702
7158526
10659515
0